1
1
1
1
1
1
1
1
1
1
1
1
1
1
1
1
1
1
1
1
1
1
1
1
1
1
1
1
1
1
1
1
1375
1376
1376
1375
1375
1375
1375
1375
1375
1375
1375
1375
1375
1375
1375
1375
1375
1375
1375
1375
1375
1375
1375
1375
1375
1375
1376
1376
1375
1375
1375
1375
1375
1375
1375
1375
1375
1375
1375
1375
1375
1375
1375
1375
1375
1375
1375
1375
1375
1375
1378
1378
1378
1379
1379
1259
1259
1259
1259
1259
1259
1259
1259
1259
1259
1259
1259
1259
1259
1259
1259
1259
1259
1259
1259
1378
1378
1378
1379
1379
1262
1262
1259
1259
1259
1259
1259
1259
1259
1259
1259
1259
1259
1259
1259
1259
1259
1259
1259
1259
1260
1260
1260
1261
1261
1262
1262
1263
1263
1263
1263
1263
1263
1263
1263
1263
1263
1263
1263
1263
1263
1263
1263
1263
1263
1381
1381
1381
1382
1262
1262
1262
1131
1131
1127
1127
1127
1127
1127
1127
1127
1127
1127
1127
1127
1127
1127
1127
1127
1127
1263
1264
1265
1265
1266
1266
1266
1131
1131
1268
1268
1268
1268
1268
1268
1268
1268
1268
1268
1268
1268
1268
1268
1268
1268
1384
1385
1385
1386
1386
1387
1131
1131
1131
1137
1137
985
985
985
985
985
985
985
985
985
985
985
985
985
985
1269
1269
1269
1270
1271
1271
1272
1272
1272
1137
1137
1138
1138
1138
1138
1138
1138
1138
1138
1138
1138
1138
1138
1138
1138
985
986
986
987
987
988
988
989
1137
1137
1137
1144
1144
992
992
992
992
992
992
992
992
992
992
992
992
1138
1139
1139
1140
1140
1141
1142
1142
1142
1143
1143
1144
1144
1145
1145
1145
1145
1145
1145
1145
1145
1145
1145
1145
1145
1395
1396
1397
1397
1397
1398
1398
1399
997
997
997
1144
1144
839
839
840
840
840
840
840
840
840
840
840
840
1145
1146
1146
1147
1147
1148
1148
1149
1149
1150
1150
1151
1151
839
839
673
673
673
673
673
673
673
673
673
673
1402
1403
1403
1404
1404
1405
1405
1406
1406
1407
1408
1408
839
839
839
857
857
849
849
849
849
849
849
849
849
1009
1009
675
675
676
676
676
677
677
678
678
1014
680
680
680
857
857
507
507
507
507
507
507
507
507
850
850
850
851
851
852
853
853
853
854
854
1416
856
856
857
857
857
1026
1026
692
692
692
692
692
692
1018
1018
1018
1019
1019
1020
1021
1021
1021
1022
1022
1023
1024
1024
1024
1025
1025
1026
1026
870
870
870
870
870
870
1419
1420
1421
1421
1421
1422
1422
1423
1423
1424
1424
1425
1426
1426
1426
1427
1026
1026
1026
528
528
1038
1038
1038
1038
871
871
871
872
873
873
873
874
874
875
876
876
876
877
878
878
878
879
879
528
528
351
351
351
351
1184
1184
1184
1185
1185
1186
1187
1187
1187
1188
1188
1189
1190
1190
1191
1191
1191
1192
349
349
349
726
726
170
170
351
352
353
353
353
354
355
355
355
356
356
357
357
358
358
359
360
360
360
361
361
726
726
170
170
543
544
544
896
546
546
546
547
548
548
548
900
550
550
550
551
551
903
1059
1059
1059
181
181
740
740
184
184
185
185
185
186
186
187
188
188
188
189
189
190
190
191
191
192
193
193
193
194
194
740
740
377
378
378
379
379
380
381
381
382
382
382
383
383
384
384
385
385
386
387
387
387
388
568
568
568
1375
1376
1376
1377
1377
1377
1377
1377
1377
1377
1377
1377
1377
1377
1377
1377
1377
1377
1377
1377
1377
1377
1377
1377
1377
1378
1378
1378
1379
1379
1259
1259
1259
1259
1259
1259
1259
1259
1259
1259
1259
1259
1259
1259
1259
1259
1259
1259
1259
1259
1378
1378
1378
1379
1379
1262
1262
1380
1380
1380
1380
1380
1380
1380
1380
1380
1380
1380
1380
1380
1380
1380
1380
1380
1380
1380
1381
1382
1382
1262
1262
1262
1263
1263
1263
1263
1263
1263
1263
1263
1263
1263
1263
1263
1263
1263
1263
1263
1263
1263
1380
1381
1382
1382
1382
1383
1383
1267
1267
1384
1384
1384
1384
1384
1384
1384
1384
1384
1384
1384
1384
1384
1384
1384
1384
1128
1128
1129
1129
1129
1130
1267
1267
1267
1132
1132
1132
1132
1132
1132
1132
1132
1132
1132
1132
1132
1132
1132
1132
1132
1385
1385
1385
1386
1387
1387
1387
1388
1388
1137
1137
985
985
985
985
985
985
985
985
985
985
985
985
985
985
1133
1133
1133
1134
1135
1135
1135
1136
1136
1137
1137
1138
1138
1138
1138
1138
1138
1138
1138
1138
1138
1138
1138
1138
1138
1390
1390
1390
1391
1391
1392
1393
1393
1393
1394
1394
1279
1279
992
992
992
992
992
992
992
992
992
992
992
992
1139
1139
1140
1140
1141
1141
1141
1142
1143
1143
1143
1279
1279
1145
1145
1145
1145
1145
1145
1145
1145
1145
1145
1145
1145
1396
1396
1396
1397
1397
1398
1398
1399
1400
1400
1400
1401
1401
999
999
840
840
840
840
840
840
840
840
840
840
1146
1146
1146
1147
1147
1148
1149
1149
1150
1150
1150
1151
1151
999
999
673
673
673
673
673
673
673
673
673
673
1403
1403
1403
1404
1404
1405
1405
1406
1406
1407
1408
1408
1408
1409
1409
1161
1161
849
849
849
849
849
849
849
849
674
674
675
675
676
676
676
677
677
678
679
679
679
680
680
1161
1161
1017
1017
1017
1017
1017
1017
1017
1017
849
850
851
851
852
852
852
853
853
854
855
855
855
856
857
857
857
1171
1171
859
859
859
859
859
859
1017
1018
1019
1019
1020
1020
1020
1021
1022
1022
1022
1023
1024
1024
1024
1025
1025
1171
1171
518
518
518
518
518
518
1420
1420
1420
1421
1421
1422
1422
1423
1423
1424
1424
1425
1425
1426
1427
1427
516
516
516
1182
1182
703
703
703
703
1027
1028
1029
1029
1029
1030
1031
1031
1031
1032
1033
1033
1033
1034
1034
1035
1036
1036
1036
1182
1182
530
530
530
530
1430
1430
341
341
341
1317
343
343
344
344
344
345
345
1321
1322
1322
1322
1323
528
528
528
1194
1194
170
170
882
883
883
884
884
885
886
886
887
887
887
888
537
537
537
890
891
891
891
892
892
1194
1194
170
170
1325
1325
1326
1326
1326
1327
1328
1328
1328
1329
1329
1330
1330
1331
1332
1332
1333
1333
1333
1334
1334
541
541
542
542
895
895
896
896
897
897
897
898
898
369
370
370
370
371
902
902
902
373
374
374
374
375
375
542
542
556
557
1209
1209
1209
1455
560
560
560
561
561
562
563
563
563
564
564
1461
566
566
194
194
194
555
555
742
742
742
743
744
744
744
745
746
746
747
747
747
748
748
749
749
750
751
751
751
752
753
753
753
754
755
755
756
757
757
758
758
758
759
760
760
760
761
761
762
762
763
764
764
764
765
766
766
766
1259
1260
1261
1261
1261
1262
1262
1263
1263
1263
1263
1263
1263
1263
1263
1263
1263
1263
1263
1263
1263
1263
1263
1263
1263
1263
1264
1264
1265
1266
1266
1266
1267
1267
1127
1127
1127
1127
1127
1127
1127
1127
1127
1127
1127
1127
1127
1127
1127
1127
1263
1264
1264
1265
1266
1266
1266
1267
1267
1268
1268
1268
1268
1268
1268
1268
1268
1268
1268
1268
1268
1268
1268
1268
1268
1268
1269
1269
1270
1270
1271
1131
1131
1131
1137
1137
1132
1132
1132
1132
1132
1132
1132
1132
1132
1132
1132
1132
1132
1132
1268
1269
1269
1270
1270
1271
1272
1272
1272
1137
1137
1273
1273
1273
1273
1273
1273
1273
1273
1273
1273
1273
1273
1273
1273
985
986
986
987
988
988
989
989
1137
1137
1137
1279
1279
1138
1138
1138
1138
1138
1138
1138
1138
1138
1138
1138
1138
1274
1274
1274
1275
1275
1276
1276
1277
1278
1278
1278
1279
1279
832
832
832
832
832
832
832
832
832
832
832
832
992
993
994
994
995
995
995
996
997
997
1144
1144
1144
999
999
1000
1000
1000
1000
1000
1000
1000
1000
1000
1000
833
833
833
834
835
835
835
836
837
837
837
838
838
999
999
840
840
840
840
840
840
840
840
840
840
1000
1001
1002
1002
1002
1003
1004
1004
1005
1005
1005
1006
1152
1152
1152
848
848
1008
1008
1008
1008
1008
1008
1008
1008
840
841
842
842
842
843
844
844
845
845
845
846
847
847
847
848
848
849
849
849
849
849
849
849
849
1009
1009
1010
1010
1010
1011
1011
1012
1012
1013
1014
1014
1015
1015
848
848
848
858
858
1017
1017
1017
1017
1017
1017
1296
1296
1296
1297
1297
1298
1298
1299
1299
1300
1300
1301
1302
1302
1303
1303
1303
858
858
859
859
859
859
859
859
1017
1018
1019
1019
1019
1020
1021
1021
1022
1022
1022
1023
1023
1024
1025
1025
858
858
858
869
869
518
518
518
518
1305
1305
1305
1306
1306
1307
1307
1308
1308
1309
1309
1310
1310
1311
1312
1312
1312
1313
1313
869
869
703
703
703
703
1028
1028
1028
1029
1030
1030
1030
1031
1032
1032
1032
1033
1034
1034
1035
1035
1035
1036
1036
869
869
881
881
530
530
339
1315
1315
1316
342
342
342
343
343
1319
1319
1320
1320
1321
1321
1322
1323
1323
880
880
880
881
881
351
351
531
531
532
532
532
533
533
534
535
535
535
536
536
537
538
538
538
539
540
540
540
881
881
170
170
716
716
716
717
717
718
718
719
720
720
720
721
722
722
723
723
724
724
724
725
893
893
893
542
542
895
895
895
896
897
897
897
898
899
899
900
900
900
901
902
902
903
903
903
904
905
905
905
542
542
183
1337
1337
1338
1338
1339
1339
1340
188
188
188
189
190
190
190
1344
192
192
193
193
193
194
182
182
182
907
378
909
909
909
380
911
911
911
912
912
383
914
914
914
385
916
916
916
387
387
388
919
919
919
570
570
1222
1222
1222
1223
1224
1224
1224
574
1226
1226
1227
1227
1228
1228
1229
1229
1229
1230
1231
1231
1231
581
581
583
583
583
584
585
585
585
586
587
587
588
588
589
589
590
590
590
591
591
592
593
593
593
594
594
595
596
597
597
597
598
44
44
600
600
600
601
601
602
603
603
604
604
604
605
605
606
607
607
607
1127
1128
1128
1129
1130
1130
1130
1131
1131
1132
1132
1132
1132
1132
1132
1132
1132
1132
1132
1132
1132
1132
1132
1132
1132
1132
1133
1133
1134
1134
1135
1136
1136
1136
1137
1137
985
985
985
985
985
985
985
985
985
985
985
985
985
985
1132
1133
1133
1134
1134
1135
1136
1136
1136
1137
1137
991
991
1138
1138
1138
1138
1138
1138
1138
1138
1138
1138
1138
1138
986
986
987
987
988
988
988
989
989
990
990
991
991
992
992
992
992
992
992
992
992
992
992
992
992
1138
1139
1139
1140
1141
1141
1141
1142
1143
1143
1144
1144
1144
999
999
1145
1145
1145
1145
1145
1145
1145
1145
1145
1145
993
993
994
994
994
835
835
836
836
837
998
998
998
999
999
1000
1000
1000
1000
1000
1000
1000
1000
1000
1000
1146
1146
1146
1147
1147
1148
1148
1149
1149
1150
1151
1151
839
839
839
1153
1153
1153
1153
1153
1153
1153
1153
1153
1153
840
841
842
842
842
843
844
844
844
845
846
846
846
847
847
848
848
1008
1008
1008
1008
1008
1008
1008
1008
1153
1154
1154
1155
1155
1156
1156
1157
1157
1158
1158
1159
1160
1160
1160
848
848
682
682
682
682
682
682
682
682
849
850
851
851
851
852
852
853
854
854
855
855
855
856
1016
1016
1016
858
858
507
507
507
507
507
507
1162
1163
1163
1164
1164
1165
1165
1166
1166
1167
1167
1168
1169
1169
1170
1170
1170
858
858
692
692
692
692
692
692
507
508
509
509
510
510
510
511
512
512
512
513
514
514
514
515
1026
1026
1026
1182
1182
870
870
870
870
692
1173
1173
1174
695
695
695
696
697
697
697
698
698
699
700
700
701
701
701
1182
1182
703
703
703
703
870
871
520
520
520
873
874
874
874
875
876
876
876
877
878
878
878
879
1037
1037
1037
1194
1194
530
530
703
704
705
705
706
706
706
707
707
708
709
709
709
710
711
711
711
712
712
1193
1193
1194
1194
170
170
883
883
883
884
884
885
886
886
887
887
888
888
888
889
890
890
890
891
891
892
350
350
350
542
542
715
1196
1196
1197
1197
1198
1198
1199
1199
1200
1200
1201
1201
1202
178
178
178
179
180
180
362
362
362
542
542
894
895
896
896
897
897
897
898
899
899
900
900
901
901
902
902
902
903
903
904
905
905
1061
1061
1061
184
184
185
185
185
186
187
187
188
188
188
189
189
190
191
191
191
192
193
193
193
194
376
376
376
907
908
908
909
910
910
911
911
911
912
912
913
914
914
915
915
916
916
916
917
918
918
918
919
919
1220
1221
1221
1222
1222
1223
1223
1224
1224
1225
1225
1226
1226
1227
1228
1228
1229
1229
1229
1230
1230
1231
1232
1232
1232
754
210
756
756
757
757
757
758
758
214
214
760
760
761
762
762
762
763
763
764
765
765
766
766
766
1088
1089
1089
1090
1091
1091
1092
1092
1092
1093
1094
1094
1095
1095
1096
1096
1096
1097
1097
1098
1098
1099
1100
1100
1100
416
417
418
418
419
419
419
420
420
421
422
422
423
423
423
424
424
425
426
426
426
427
428
428
428
609
609
609
431
432
432
432
433
433
1251
1251
1252
436
436
436
1254
438
438
439
439
439
1257
441
441
441
985
986
986
987
987
988
989
989
990
990
990
991
991
992
992
992
992
992
992
992
992
992
992
992
992
992
993
993
994
994
995
995
996
997
997
998
998
998
999
999
832
832
832
832
832
832
832
832
832
832
992
993
993
994
994
995
995
996
997
997
998
998
998
999
999
1000
1000
1000
1000
1000
1000
1000
1000
1000
1000
833
833
833
834
835
835
835
836
837
837
838
838
838
839
839
840
840
840
840
840
840
840
840
840
840
1000
1001
1002
1002
1002
1003
1003
1004
1004
1005
1006
1006
1006
1007
1007
848
848
1008
1008
1008
1008
1008
1008
1008
1008
840
841
842
842
843
843
843
844
844
845
846
846
847
847
847
848
848
849
849
849
849
849
849
849
849
1008
1009
1009
1010
1010
1011
1011
1012
1012
1013
1013
1014
1015
1015
681
681
681
858
858
1017
1017
1017
1017
1017
1017
849
850
851
851
852
852
852
853
853
854
855
855
856
856
856
857
857
858
858
859
859
859
859
859
859
1017
1018
1018
1019
1019
1020
1020
1021
1021
1022
1022
1023
1023
1024
1025
1025
691
691
691
869
869
1027
1027
1027
1027
860
860
860
694
694
695
696
696
697
697
865
865
865
699
867
867
867
868
868
869
869
339
339
339
339
1027
1028
1028
1029
1029
1030
1030
1031
1031
1032
1032
1033
1033
1034
1034
1035
1036
1036
702
702
702
881
881
1038
1038
340
340
341
341
342
342
342
343
344
344
344
345
345
346
347
347
347
348
880
880
880
881
881
351
351
1038
1039
1040
1040
1040
1041
1041
1042
1042
1043
1043
1044
1044
1045
1045
1046
1047
1047
1047
1048
714
714
714
542
542
351
352
352
353
354
354
355
355
355
356
357
357
357
358
358
359
360
360
361
361
893
893
893
542
542
1049
1050
1050
1051
1051
1052
1053
1053
1053
1054
1054
1055
1055
1056
1056
1057
1057
1058
1059
1059
181
181
181
1061
1061
365
365
366
366
366
367
367
368
369
369
370
370
370
371
371
372
372
373
374
374
374
375
182
182
182
1062
1063
1063
1064
1064
1065
1065
1066
561
561
561
562
563
563
564
564
564
1071
1071
1072
1073
1073
195
195
195
377
742
379
379
379
744
744
745
382
382
382
747
747
748
749
749
750
750
750
751
751
752
752
753
753
570
570
570
571
572
572
573
573
573
574
575
575
575
576
577
577
578
578
578
579
580
580
580
581
581
210
210
210
756
212
212
212
758
214
214
760
760
216
216
216
217
763
763
763
219
219
765
766
766
766
404
404
404
405
406
406
406
407
408
408
409
409
409
410
411
411
411
412
412
413
414
414
415
415
415
596
596
596
597
598
598
598
599
600
600
600
601
602
602
602
603
603
604
605
605
606
606
607
607
607
947
947
947
948
949
949
949
950
951
951
952
952
952
953
953
954
955
955
955
956
957
957
958
958
958
249
249
249
250
251
251
251
252
253
253
253
254
255
255
255
256
257
257
257
258
259
259
259
260
260
442
443
443
1116
445
445
446
446
446
447
448
448
448
449
450
450
450
1123
452
452
452
272
454
454
454
832
833
834
834
834
835
836
836
836
837
838
838
839
839
839
840
840
840
840
840
840
840
840
840
840
840
841
841
842
843
843
843
844
844
845
846
846
847
847
847
848
848
673
673
673
673
673
673
673
673
840
841
841
842
843
843
843
844
844
845
846
846
847
847
847
848
848
849
849
849
849
849
849
849
849
673
674
675
675
675
676
677
677
678
678
679
679
680
680
680
681
681
858
858
682
682
682
682
682
682
849
850
850
851
851
852
852
853
853
854
854
855
856
856
857
857
857
858
858
859
859
859
859
859
859
682
683
684
684
685
685
685
686
687
687
688
688
689
689
690
690
690
691
691
869
869
692
692
692
692
860
860
860
861
861
862
862
863
863
864
864
865
865
866
867
867
516
516
516
869
869
870
870
870
870
693
693
693
694
695
695
695
696
697
697
697
698
699
699
700
700
700
701
701
702
702
881
881
703
703
870
871
871
872
872
873
873
874
874
875
875
876
876
877
877
878
879
879
528
528
528
881
881
530
530
704
704
704
705
705
706
707
707
708
708
708
709
710
710
711
711
711
712
713
713
713
714
714
542
542
882
883
883
884
884
885
885
886
886
887
887
888
888
889
889
890
891
891
892
892
541
541
541
542
542
716
716
716
717
718
718
718
719
720
720
720
721
721
722
723
723
724
724
724
725
725
726
726
727
727
894
895
895
896
896
897
897
898
899
899
899
900
900
901
901
902
902
903
904
904
904
905
555
555
555
728
184
730
730
730
186
732
732
732
733
733
189
735
735
735
191
191
192
193
193
193
194
740
740
740
907
908
908
909
909
910
910
911
911
912
912
913
913
914
914
915
915
916
916
917
918
918
919
919
919
741
197
198
198
198
199
200
200
200
201
202
202
203
203
204
204
204
205
205
206
207
207
208
208
208
920
921
922
922
923
923
923
924
925
925
925
926
927
927
928
928
928
929
930
930
930
931
932
932
932
27
28
29
29
29
30
31
31
31
32
33
33
33
34
34
35
36
36
37
37
37
38
38
39
39
934
934
935
935
936
936
937
937
938
938
938
939
939
940
940
941
941
942
942
943
944
944
944
945
945
595
596
597
597
598
598
598
599
599
600
601
601
602
602
602
603
603
604
605
605
605
606
607
607
607
947
947
948
948
949
949
949
950
951
951
952
952
952
953
954
954
954
955
956
956
956
957
958
958
958
430
430
430
431
431
432
433
433
433
434
435
435
436
436
436
437
438
438
439
439
439
440
441
441
441
794
794
795
795
795
962
797
797
797
798
799
799
799
800
801
801
801
802
802
969
804
804
804
805
805
79
80
81
81
81
82
83
83
83
639
85
85
85
462
87
87
88
88
88
644
645
645
91
91
91
274
93
93
94
94
95
96
96
97
97
97
98
99
99
100
100
100
101
102
102
102
103
103
104
104
674
674
675
675
676
676
677
677
678
678
678
679
680
680
681
681
681
682
682
682
682
682
682
682
682
683
683
684
684
685
685
686
686
687
687
688
688
689
689
689
690
690
691
691
507
507
507
507
507
507
683
683
684
684
685
685
686
686
687
687
688
688
689
689
689
690
690
691
691
517
517
692
692
692
692
507
508
508
509
510
510
511
511
511
512
513
513
514
514
515
515
515
516
516
517
517
518
518
518
518
693
693
694
694
695
695
695
696
697
697
697
698
699
699
699
700
701
701
701
702
702
529
529
703
703
519
519
519
520
520
521
521
522
523
523
524
524
524
525
525
526
527
527
527
528
528
529
529
530
530
339
704
341
341
341
342
342
707
344
344
345
345
345
346
346
711
711
712
349
349
349
714
714
542
542
531
531
531
532
533
533
533
534
534
535
536
536
536
537
538
538
538
539
540
540
540
541
541
542
542
352
352
352
717
354
354
354
355
356
356
356
357
358
358
358
723
723
724
725
725
362
362
362
727
727
544
544
544
545
546
546
547
547
547
548
548
549
550
550
550
551
552
552
553
553
554
554
554
555
555
728
729
729
730
367
367
367
732
732
733
733
734
734
735
735
736
373
373
373
738
739
739
376
376
376
557
557
558
558
559
559
560
560
560
561
561
562
562
563
564
564
565
565
566
566
566
567
567
568
568
742
742
742
743
743
744
744
745
745
746
747
747
747
748
748
749
749
750
750
751
752
752
752
753
753
569
570
571
571
572
572
572
573
574
574
574
575
576
576
576
577
578
578
578
579
579
580
580
581
581
755
755
756
756
757
757
758
758
758
759
760
760
760
761
761
762
762
763
764
764
765
765
221
221
221
404
404
404
405
405
406
407
407
407
408
409
409
409
410
411
411
411
412
413
413
414
414
415
415
415
223
223
223
224
225
225
225
226
227
227
227
228
229
229
230
230
230
231
232
232
233
233
233
234
234
416
417
417
418
419
419
419
420
421
421
422
422
422
423
424
424
425
425
425
426
427
427
427
428
428
54
54
54
55
56
56
57
57
57
58
58
59
60
60
60
61
62
62
63
63
64
64
64
65
65
429
430
431
431
431
432
433
433
433
253
435
435
435
255
256
256
257
257
439
439
439
440
440
260
260
794
794
794
795
795
796
797
797
797
798
798
799
800
800
800
801
802
802
803
803
803
804
805
805
805
80
80
80
81
81
82
83
83
84
84
84
85
85
86
87
87
87
88
89
89
90
90
90
91
91
634
635
636
636
637
637
638
638
639
639
639
640
641
641
641
642
642
643
644
644
645
645
646
646
646
105
469
469
470
471
471
472
472
472
473
474
474
475
475
475
476
476
477
115
115
115
479
659
659
659
819
820
821
821
822
822
822
823
824
824
824
825
825
826
827
827
827
828
828
829
830
830
831
831
831
508
508
509
509
510
510
511
511
512
512
513
513
514
514
514
515
515
516
516
517
517
518
518
518
518
519
519
520
520
521
521
521
522
523
523
524
524
524
525
526
526
526
527
527
528
528
529
529
339
339
519
519
520
520
521
521
521
522
523
523
524
524
524
525
526
526
526
527
527
528
528
529
529
530
530
340
340
341
341
341
342
343
343
343
344
345
345
345
346
347
347
348
348
349
349
349
350
350
542
542
531
531
532
532
533
533
533
534
535
535
536
536
537
537
537
538
539
539
539
540
540
541
541
542
542
351
352
353
353
354
354
355
355
355
356
356
357
358
358
359
359
359
360
361
361
361
362
362
363
363
170
171
172
172
173
173
173
174
175
175
176
176
176
177
177
178
179
179
180
180
180
181
181
555
555
364
365
366
366
367
367
368
368
369
369
369
370
370
371
372
372
373
373
373
374
375
375
375
376
376
184
184
184
185
186
186
186
560
188
188
188
189
190
190
191
191
191
192
193
193
193
194
194
195
195
377
378
378
379
380
380
381
381
382
382
382
383
384
384
384
385
386
386
387
387
387
388
389
389
389
196
197
197
198
199
199
199
200
200
574
202
202
202
203
203
577
205
205
205
579
207
207
207
208
208
390
391
391
392
393
393
393
394
395
395
396
396
397
397
397
398
398
399
400
400
401
401
401
402
402
582
583
584
584
585
585
585
586
586
587
588
588
588
589
590
590
590
591
592
592
592
593
594
594
594
404
404
404
405
405
406
407
407
408
408
408
228
410
410
410
230
412
412
412
413
413
233
234
234
234
41
41
42
42
43
43
43
44
45
45
45
46
47
47
47
48
48
49
50
50
50
51
52
52
52
235
236
237
237
237
238
238
239
239
240
241
241
242
242
242
243
244
244
244
245
246
246
246
247
247
608
609
610
610
610
611
612
612
612
613
614
614
614
615
616
616
616
617
618
618
619
619
619
620
620
249
249
249
250
251
251
251
252
252
253
254
254
255
255
255
256
257
257
257
258
259
259
259
260
260
622
622
623
623
624
624
624
625
625
626
627
627
627
628
629
629
629
630
631
631
631
632
633
633
633
79
80
81
81
82
82
83
83
83
84
84
85
86
86
86
87
88
88
88
89
90
90
91
91
91
635
635
636
636
636
637
638
638
639
639
640
640
641
641
641
642
642
643
644
644
644
645
645
646
646
468
469
469
470
470
471
471
472
473
473
474
474
475
475
476
476
476
477
478
478
478
479
479
480
480
468
469
469
470
470
471
471
472
473
473
474
474
475
475
476
476
476
477
478
478
478
479
479
480
480
118
119
119
120
121
121
121
122
305
305
305
306
125
125
125
126
127
127
127
128
129
129
129
130
130
661
661
662
662
663
663
663
664
664
665
666
666
666
667
667
668
669
669
669
670
671
671
672
672
672
340
340
341
341
342
342
342
343
344
344
345
345
346
346
347
347
347
348
348
349
350
350
350
351
351
352
352
353
353
354
354
354
355
356
356
357
357
358
358
359
359
360
360
360
361
361
362
362
363
363
352
352
353
353
354
354
354
355
356
356
357
357
358
358
359
359
360
360
360
361
361
362
362
363
363
170
171
172
172
173
173
174
174
174
175
176
176
176
177
177
178
178
179
180
180
180
181
181
182
182
365
365
366
366
366
367
367
368
369
369
370
370
371
371
372
372
373
373
374
374
374
375
375
376
376
183
184
185
185
186
186
186
187
188
188
189
189
189
190
191
191
191
192
193
193
193
194
194
195
195
1
2
3
3
3
4
5
5
6
6
6
7
8
8
8
9
10
10
10
11
12
12
12
13
13
196
197
198
198
198
199
199
200
201
201
201
202
203
203
204
204
204
205
205
206
207
207
208
208
208
15
15
15
16
17
17
17
18
18
19
20
20
21
21
21
22
22
23
24
24
24
25
26
26
26
209
210
210
211
212
212
212
213
214
214
214
215
216
216
217
217
217
218
219
219
219
220
221
221
221
403
404
404
405
406
406
406
407
408
408
408
409
410
410
411
411
412
412
412
413
414
414
414
415
415
222
223
223
224
224
225
225
44
44
45
45
46
229
229
230
230
230
49
232
232
232
233
234
234
234
416
417
417
418
418
419
420
420
420
421
422
422
423
423
423
424
425
425
425
426
426
427
428
428
428
53
54
55
55
238
238
238
57
57
58
58
59
60
60
61
61
62
62
62
63
63
64
65
65
65
430
430
430
431
431
432
433
433
433
434
434
435
436
436
436
437
438
438
438
439
439
440
441
441
441
66
67
68
68
68
69
70
70
70
71
71
72
72
73
74
74
75
75
76
76
76
77
78
78
78
442
443
444
444
445
445
446
446
446
447
448
448
448
449
450
450
450
451
452
452
452
453
454
454
454
79
456
456
457
82
82
82
459
459
460
85
85
85
86
87
87
87
464
464
465
466
466
467
467
467
455
456
456
457
458
458
459
459
459
460
461
461
462
462
462
463
464
464
464
465
466
466
467
467
467
468
469
470
470
471
471
472
472
473
473
473
474
475
475
475
476
477
477
477
478
479
479
479
480
480
468
469
470
470
471
471
472
472
473
473
473
474
475
475
475
476
477
477
477
478
479
479
479
480
480
119
119
119
120
303
303
122
122
122
123
123
124
125
125
125
126
127
127
127
128
129
129
130
130
130
119
119
119
120
303
303
122
122
122
123
123
124
125
125
125
126
127
127
127
128
129
129
129
312
312
132
132
133
133
133
134
135
135
135
136
137
137
137
138
138
139
140
140
141
141
141
142
143
143
143
494
495
495
496
497
497
497
498
499
499
499
500
501
501
502
502
503
503
503
504
505
505
505
506
506
171
171
172
172
172
173
173
174
175
175
176
176
177
177
177
178
179
179
179
180
180
181
181
182
182
184
184
185
185
185
186
187
187
188
188
189
189
190
190
191
191
191
192
193
193
193
194
195
195
195
184
184
185
185
185
186
187
187
188
188
189
189
190
190
191
191
191
192
193
193
193
194
195
195
195
1
2
2
3
3
4
5
5
6
6
7
7
8
8
8
9
10
10
10
11
12
12
13
13
13
197
197
198
198
198
199
200
200
201
201
202
202
203
203
204
204
204
205
206
206
206
207
208
208
208
14
15
16
16
16
17
17
18
19
19
20
20
21
21
21
22
23
23
23
24
24
25
26
26
26
209
210
210
211
211
212
212
213
214
214
215
215
215
216
217
217
218
218
218
219
220
220
221
221
221
27
28
28
29
30
30
30
31
31
32
33
33
33
34
35
35
36
36
36
37
38
38
38
39
39
222
223
224
224
224
225
225
226
226
227
228
228
229
229
229
230
231
231
232
232
232
233
234
234
234
40
41
41
42
43
43
43
44
44
45
46
46
47
47
48
48
48
49
50
50
50
51
51
247
247
235
236
236
237
237
238
239
239
239
240
241
241
242
242
243
243
243
244
245
245
245
246
246
247
247
54
54
54
250
250
251
251
252
253
253
253
254
255
255
256
256
256
257
258
258
259
259
259
260
260
249
249
250
250
250
251
251
252
253
253
253
254
255
255
256
256
256
257
258
258
259
259
259
260
260
261
262
262
263
264
264
264
265
266
266
267
267
268
268
268
269
269
270
271
271
271
272
272
273
273
261
262
262
263
264
264
264
265
266
266
267
267
268
268
268
269
269
270
271
271
271
272
272
273
273
275
275
275
276
277
277
277
278
279
279
280
280
280
281
282
282
283
283
284
284
284
285
285
286
286
275
275
275
276
277
277
277
278
279
279
280
280
280
281
282
282
283
283
284
284
284
285
285
286
286
288
288
289
289
289
290
290
291
291
292
293
293
293
294
295
295
296
296
297
297
297
298
299
299
299
288
288
289
289
289
290
290
291
291
292
293
293
293
294
295
295
296
296
297
297
297
298
299
299
299
300
301
120
120
120
303
304
304
123
123
123
124
124
125
125
126
127
127
128
128
129
129
129
312
312
300
301
120
120
120
303
304
304
123
123
123
124
124
125
125
126
127
127
128
128
129
129
129
312
312
132
132
132
133
133
134
135
135
135
136
136
137
137
138
138
139
140
140
141
141
142
142
143
143
143
131
314
315
315
134
134
134
317
317
318
319
319
320
320
321
321
321
322
323
323
324
324
324
325
325
145
145
145
146
146
147
147
148
149
149
149
150
150
151
151
152
153
153
154
154
154
155
156
156
156
326
327
328
328
328
329
330
330
331
331
331
332
333
333
334
334
334
335
336
336
337
337
337
338
338
2
2
3
3
3
4
5
5
6
6
7
7
8
8
9
9
9
10
11
11
11
12
12
13
13
14
15
15
16
17
17
18
18
19
19
20
20
20
21
21
22
22
23
23
24
25
25
25
26
26
14
15
15
16
17
17
18
18
19
19
20
20
20
21
21
22
22
23
23
24
25
25
25
26
26
27
28
28
29
29
30
31
31
31
32
32
33
33
34
35
35
36
36
36
37
38
38
38
39
39
27
28
28
29
29
30
31
31
31
32
32
33
33
34
35
35
36
36
36
37
38
38
38
39
39
40
41
41
42
43
43
43
44
44
45
46
46
47
47
48
48
49
49
49
50
51
51
51
52
52
40
41
41
42
43
43
43
44
44
45
46
46
47
47
48
48
49
49
49
50
51
51
51
52
52
53
54
55
55
55
56
56
57
57
58
59
59
59
60
61
61
61
62
62
63
64
64
65
65
65
53
54
55
55
55
56
56
57
57
58
59
59
59
60
61
61
61
62
62
63
64
64
65
65
65
67
67
68
68
68
69
70
70
70
71
72
72
73
73
73
74
75
75
76
76
76
77
77
78
78
67
67
68
68
68
69
70
70
70
71
72
72
73
73
73
74
75
75
76
76
76
77
77
78
78
80
80
80
81
81
82
82
83
83
84
85
85
86
86
87
87
87
88
88
89
90
90
90
91
91
80
80
80
81
81
82
82
83
83
84
85
85
86
86
87
87
87
88
88
89
90
90
90
91
91
93
93
94
94
95
95
95
96
97
97
98
98
99
99
99
100
100
101
101
102
102
103
104
104
104
93
93
94
94
95
95
95
96
97
97
98
98
99
99
99
100
100
101
101
102
102
103
104
104
104
105
106
107
107
107
108
109
109
110
110
110
111
112
112
112
113
113
114
115
115
115
116
116
117
117
105
106
107
107
107
108
109
109
110
110
110
111
112
112
112
113
113
114
115
115
115
116
116
117
117
118
119
119
120
121
121
121
122
122
123
124
124
125
125
125
126
127
127
128
128
128
129
130
130
130
118
119
119
120
121
121
121
122
122
123
124
124
125
125
125
126
127
127
128
128
128
129
130
130
130
131
132
132
133
134
134
134
135
136
136
136
137
138
138
138
139
139
140
141
141
142
142
142
143
143
131
132
132
133
134
134
134
135
136
136
136
137
138
138
138
139
139
140
141
141
142
142
142
143
143
144
145
146
146
146
147
147
148
149
149
150
150
150
151
152
152
152
153
153
154
155
155
156
156
156
144
145
146
146
146
147
147
148
149
149
150
150
150
151
152
152
152
153
153
154
155
155
156
156
156
158
158
159
159
159
160
160
161
162
162
162
163
164
164
164
165
165
166
166
167
167
168
169
169
169
158
158
159
159
159
160
160
161
162
162
162
163
164
164
164
165
165
166
166
167
167
168
169
169
169
1
1
1
1
1
1
1
1
1
1
1
1
1
1
1
1
1
1
1
1
1
1
1
1
1
1
1
1
1
1
1
1
1
1
1
1
1
1
1
1
1
1375
1376
1376
1375
1375
1375
1375
1375
1375
1375
1375
1375
1375
1375
1375
1375
1375
1375
1375
1375
1375
1375
1375
1375
1375
1375
1376
1376
1375
1375
1375
1375
1375
1375
1375
1375
1375
1375
1375
1375
1375
1375
1375
1375
1375
1375
1375
1375
1375
1375
1378
1378
1378
1379
1379
1259
1259
1259
1259
1259
1259
1259
1259
1259
1259
1259
1259
1259
1259
1259
1259
1259
1259
1259
1259
1378
1378
1378
1379
1379
1262
1262
1259
1259
1259
1259
1259
1259
1259
1259
1259
1259
1259
1259
1259
1259
1259
1259
1259
1259
1260
1260
1260
1261
1261
1262
1262
1263
1263
1263
1263
1263
1263
1263
1263
1263
1263
1263
1263
1263
1263
1263
1263
1263
1263
1380
1381
1382
1382
1262
1262
1262
1267
1267
1127
1127
1127
1127
1127
1127
1127
1127
1127
1127
1127
1127
1127
1127
1127
1127
1263
1264
1265
1265
1265
1266
1266
1267
1267
1268
1268
1268
1268
1268
1268
1268
1268
1268
1268
1268
1268
1268
1268
1268
1268
1384
1385
1385
1386
1387
1387
1267
1267
1267
1137
1137
985
985
985
985
985
985
985
985
985
985
985
985
985
985
1268
1269
1270
1270
1271
1271
1271
1272
1272
1137
1137
1138
1138
1138
1138
1138
1138
1138
1138
1138
1138
1138
1138
1138
1138
985
986
986
987
987
988
988
989
1137
1137
1137
1144
1144
992
992
992
992
992
992
992
992
992
992
992
992
1138
1139
1140
1140
1140
1141
1142
1142
1142
1143
1143
1144
1144
1145
1145
1145
1145
1145
1145
1145
1145
1145
1145
1145
1145
1395
1396
1397
1397
1398
1398
1398
1399
1400
1400
1144
1144
1144
1007
1007
840
840
840
840
840
840
840
840
840
840
1145
1146
1146
1147
1147
1148
1148
1149
1149
1150
1151
1151
1151
1007
1007
673
673
673
673
673
673
673
673
673
673
1402
1403
1403
1404
1404
1405
1406
1406
1406
1407
1407
1408
1007
1007
1007
681
681
849
849
849
849
849
849
849
849
673
1009
675
675
676
676
676
677
677
678
678
1014
680
680
680
681
681
507
507
507
507
507
507
507
507
850
850
850
851
851
852
853
853
853
854
854
1416
856
856
681
681
681
1428
1428
692
692
692
692
692
692
1017
1018
1018
1019
1019
1020
1021
1021
1021
1022
1022
1023
1024
1024
1024
1025
1025
1428
1428
870
870
870
870
870
870
1419
1420
1421
1421
1421
1422
1423
1423
1423
1424
1425
1425
1426
1426
1426
1427
1428
1428
1428
528
528
1038
1038
1038
1038
870
871
871
872
873
873
873
874
874
875
876
876
876
877
878
878
878
879
879
528
528
351
351
351
351
1184
1184
1184
1185
1185
1186
1187
1187
1187
1188
1188
1189
1190
1190
1190
1046
1192
1192
1439
1439
1439
726
726
170
170
351
352
353
353
353
354
355
355
355
356
356
357
357
358
358
359
360
360
360
361
361
726
726
170
170
543
544
544
545
546
546
546
547
548
548
548
549
549
550
550
551
551
903
1059
1059
541
541
541
13
13
184
184
185
185
185
186
186
187
188
188
188
189
189
190
190
191
192
192
192
193
193
194
194
13
13
378
378
378
379
379
380
381
381
381
382
383
383
383
384
384
385
385
386
387
387
387
388
1348
1348
1348
1375
1376
1376
1377
1377
1377
1377
1377
1377
1377
1377
1377
1377
1377
1377
1377
1377
1377
1377
1377
1377
1377
1377
1377
1377
1378
1378
1378
1379
1379
1259
1259
1259
1259
1259
1259
1259
1259
1259
1259
1259
1259
1259
1259
1259
1259
1259
1259
1259
1259
1378
1378
1378
1379
1379
1262
1262
1380
1380
1380
1380
1380
1380
1380
1380
1380
1380
1380
1380
1380
1380
1380
1380
1380
1380
1380
1381
1382
1382
1262
1262
1262
1263
1263
1263
1263
1263
1263
1263
1263
1263
1263
1263
1263
1263
1263
1263
1263
1263
1263
1380
1381
1382
1382
1382
1383
1383
1267
1267
1384
1384
1384
1384
1384
1384
1384
1384
1384
1384
1384
1384
1384
1384
1384
1384
1128
1128
1129
1129
1130
1130
1267
1267
1267
1132
1132
1132
1132
1132
1132
1132
1132
1132
1132
1132
1132
1132
1132
1132
1132
1385
1385
1385
1386
1387
1387
1387
1388
1388
1137
1137
985
985
985
985
985
985
985
985
985
985
985
985
985
985
1133
1133
1134
1134
1134
1135
1136
1136
1136
1137
1137
1138
1138
1138
1138
1138
1138
1138
1138
1138
1138
1138
1138
1138
1138
1390
1390
1390
1391
1391
1392
1393
1393
1393
1394
1394
1279
1279
992
992
992
992
992
992
992
992
992
992
992
992
1138
1139
1140
1140
1141
1141
1142
1142
1142
1143
1143
1279
1279
1145
1145
1145
1145
1145
1145
1145
1145
1145
1145
1145
1145
1396
1396
1396
1397
1397
1398
1398
1399
1400
1400
1400
1401
1401
999
999
840
840
840
840
840
840
840
840
840
840
1146
1146
1146
1147
1148
1148
1148
1149
1150
1150
1150
1151
1151
999
999
673
673
673
673
673
673
673
673
673
673
1403
1403
1403
1404
1404
1405
1405
1406
1406
1407
1408
1408
1408
1409
1409
1161
1161
849
849
849
849
849
849
849
849
674
674
674
675
676
676
676
677
677
678
679
679
679
680
680
1161
1161
1017
1017
1017
1017
1017
1017
1017
1017
849
850
851
851
852
852
852
853
853
854
855
855
855
856
857
857
857
858
858
859
859
859
859
859
859
1017
1018
1019
1019
1020
1020
1021
1021
1021
1022
1022
1023
1024
1024
1024
1025
1025
858
858
518
518
518
518
518
518
1420
1420
1420
1421
1421
1422
1422
1423
1423
1424
1424
1425
1425
1426
1427
1427
516
516
516
1182
1182
703
703
703
703
1027
1028
1029
1029
1029
1030
1031
1031
1031
1032
1033
1033
1033
1034
1034
1035
1036
1036
1036
1182
1182
530
530
530
530
1315
1315
1315
1316
1317
1317
1317
1318
1319
1319
345
345
345
1321
1322
1322
1322
1323
528
528
528
881
881
170
170
882
883
883
884
885
885
885
886
887
887
888
888
537
537
537
890
891
891
891
892
892
881
881
170
170
1324
1325
1326
1326
1327
1327
1327
1328
1328
1329
1329
1330
1331
1331
1331
1332
1333
1333
1333
1334
1334
541
541
542
542
895
895
896
896
897
897
897
898
898
369
369
370
371
371
371
372
372
373
374
374
374
375
375
542
542
556
557
558
558
558
1455
560
560
1067
1067
562
562
562
563
563
564
1071
1071
566
566
566
567
555
555
555
742
742
743
743
743
744
745
745
745
746
747
747
747
748
749
749
749
750
751
751
751
752
753
753
753
754
755
755
756
757
757
758
758
759
759
759
760
760
761
761
762
763
763
763
764
764
765
766
766
766
1259
1260
1261
1261
1261
1262
1262
1263
1263
1263
1263
1263
1263
1263
1263
1263
1263
1263
1263
1263
1263
1263
1263
1263
1263
1263
1264
1264
1265
1266
1266
1266
1267
1267
1127
1127
1127
1127
1127
1127
1127
1127
1127
1127
1127
1127
1127
1127
1127
1127
1263
1264
1264
1265
1266
1266
1266
1267
1267
1268
1268
1268
1268
1268
1268
1268
1268
1268
1268
1268
1268
1268
1268
1268
1268
1268
1269
1269
1270
1270
1271
1131
1131
1131
1137
1137
1132
1132
1132
1132
1132
1132
1132
1132
1132
1132
1132
1132
1132
1132
1268
1269
1269
1270
1270
1271
1272
1272
1272
1137
1137
1273
1273
1273
1273
1273
1273
1273
1273
1273
1273
1273
1273
1273
1273
985
986
987
987
987
988
988
989
1137
1137
1137
1279
1279
1138
1138
1138
1138
1138
1138
1138
1138
1138
1138
1138
1138
1274
1274
1274
1275
1275
1276
1276
1277
1278
1278
1278
1279
1279
832
832
832
832
832
832
832
832
832
832
832
832
992
993
994
994
995
995
996
996
996
997
1144
1144
1144
999
999
1000
1000
1000
1000
1000
1000
1000
1000
1000
1000
833
833
834
834
834
835
836
836
836
837
837
838
838
999
999
840
840
840
840
840
840
840
840
840
840
1001
1001
1001
1002
1002
1003
1004
1004
1005
1005
1005
1006
1152
1152
1152
848
848
1008
1008
1008
1008
1008
1008
1008
1008
840
841
842
842
843
843
843
844
845
845
846
846
846
847
847
848
848
849
849
849
849
849
849
849
849
1008
1009
1010
1010
1010
1011
1011
1012
1013
1013
1014
1014
1014
1015
1161
1161
1161
858
858
1017
1017
1017
1017
1017
1017
1296
1296
1296
1297
1297
1298
1298
1299
1299
1300
1300
1301
1302
1302
1303
1303
1303
858
858
859
859
859
859
859
859
1017
1018
1019
1019
1019
1020
1021
1021
1022
1022
1022
1023
1024
1024
1024
1025
858
858
858
869
869
518
518
518
518
1305
1305
1305
1306
1306
1307
1307
1308
1308
1309
1309
1310
1310
1311
1312
1312
1312
1313
1313
869
869
703
703
703
703
1028
1028
1029
1029
1029
1030
1030
1031
1032
1032
1032
1033
1034
1034
1035
1035
1036
1036
1036
869
869
1194
1194
530
530
1315
1315
1315
1316
342
342
342
1318
1318
1319
1319
1320
1320
1321
1321
1322
1323
1323
713
713
713
1194
1194
351
351
531
531
532
532
532
533
533
534
535
535
535
536
536
537
538
538
539
539
539
540
540
1194
1194
170
170
716
716
716
717
717
718
719
719
719
720
721
721
721
722
722
723
724
724
724
725
725
1335
1335
542
542
895
895
895
896
897
897
897
898
899
899
900
900
901
901
902
902
902
903
903
904
905
905
905
542
542
183
1337
185
185
186
186
186
187
188
188
188
189
190
190
190
1344
192
192
193
193
193
194
182
182
182
907
378
379
379
379
380
911
911
911
382
383
383
914
914
914
385
385
386
387
387
387
388
919
919
919
1220
570
1222
1222
572
572
572
1224
1224
574
1226
1226
1227
1227
1228
1228
1229
1229
1229
1230
1231
1231
1231
581
581
583
583
584
584
584
585
586
586
586
587
588
588
589
589
590
590
590
591
592
592
592
593
593
594
594
595
596
597
597
43
43
43
44
600
600
600
601
602
602
602
603
604
604
604
605
605
606
607
607
607
1
1
1
1
1
1
1
1
1
1
1
1
1
1
1
1
1
1
1
1
1
1
1
1
1
985
986
986
987
988
988
988
989
990
990
990
985
985
985
985
985
985
985
985
985
985
985
985
985
985
985
986
986
987
988
988
988
989
990
990
990
991
991
985
985
985
985
985
985
985
985
985
985
985
985
993
993
987
987
988
988
988
989
989
997
991
991
991
992
992
992
992
992
992
992
992
992
992
992
992
993
993
994
994
994
995
996
996
996
997
997
998
998
999
999
832
832
832
832
832
832
832
832
832
832
833
833
833
834
835
835
835
836
837
837
837
838
999
999
999
1000
1000
1000
1000
1000
1000
1000
1000
1000
1000
1001
1001
1001
1002
1003
1003
1004
1004
1004
1005
1006
1006
839
839
839
840
840
840
840
840
840
840
840
840
840
840
841
842
842
842
843
844
844
845
845
845
846
847
847
847
848
848
1008
1008
1008
1008
1008
1008
1008
1008
674
674
674
675
675
676
677
677
677
678
679
679
679
680
848
848
848
682
682
682
682
682
682
682
682
849
850
851
851
851
852
853
853
853
854
855
855
855
856
857
857
857
858
858
507
507
507
507
507
507
683
683
684
684
684
685
686
686
687
687
687
688
688
689
690
690
858
858
858
692
692
692
692
692
692
507
508
509
509
510
510
510
511
512
512
512
513
514
514
514
515
1026
1026
1026
869
869
870
870
870
870
692
693
694
694
694
695
695
696
697
697
697
698
698
699
700
700
701
701
701
869
869
703
703
703
703
870
871
872
872
872
873
873
874
874
875
876
876
877
877
877
878
879
879
879
528
528
881
881
530
530
704
704
704
705
706
706
706
707
707
708
709
709
709
710
711
711
711
712
712
1048
881
881
881
170
170
883
883
883
884
885
885
886
886
886
887
887
888
889
889
889
890
891
891
891
892
350
350
350
542
542
715
171
171
172
173
173
174
174
174
175
175
176
177
177
178
178
179
179
179
180
362
362
362
542
542
895
895
895
896
897
897
897
898
899
899
900
900
901
901
902
902
903
903
903
904
904
905
1061
1061
1061
183
184
185
185
185
186
187
187
188
188
188
189
189
190
191
191
192
192
193
193
193
194
376
376
376
907
908
909
909
909
910
911
911
911
912
912
383
914
914
915
915
916
916
916
917
918
918
918
919
919
570
570
570
571
572
572
572
573
574
574
575
575
575
576
576
577
578
578
578
579
580
580
580
581
581
754
210
756
756
212
212
212
758
759
759
759
760
761
761
761
762
762
763
763
764
765
765
766
766
766
1088
1089
1089
1090
1091
1091
1092
1092
1092
1093
1094
1094
1095
1095
1096
1096
1096
1097
1097
1098
1098
1099
1100
1100
1100
416
417
418
418
419
419
419
420
421
421
421
422
423
423
423
424
425
425
425
426
426
427
428
428
428
429
430
431
431
432
432
432
433
433
434
435
435
435
436
437
437
437
438
439
439
440
440
441
441
441
985
986
986
987
987
988
989
989
990
990
990
991
991
992
992
992
992
992
992
992
992
992
992
992
992
992
993
993
994
994
995
995
996
997
997
998
998
998
999
999
832
832
832
832
832
832
832
832
832
832
992
993
993
994
994
995
995
996
997
997
998
998
998
999
999
1000
1000
1000
1000
1000
1000
1000
1000
1000
1000
833
833
833
834
835
835
835
836
837
837
838
838
838
839
839
840
840
840
840
840
840
840
840
840
840
1000
1001
1002
1002
1002
1003
1003
1004
1004
1005
1006
1006
1006
1007
1007
848
848
1008
1008
1008
1008
1008
1008
1008
1008
841
841
841
842
843
843
843
844
845
845
846
846
846
847
847
848
848
849
849
849
849
849
849
849
849
1008
1009
1009
1010
1010
1011
1011
1012
1012
1013
1013
1014
1015
1015
681
681
681
858
858
1017
1017
1017
1017
1017
1017
849
683
851
851
852
852
852
853
853
687
688
688
856
856
856
857
857
858
858
859
859
859
859
859
859
1017
1018
1018
1019
1019
1020
1020
1021
1021
1022
1022
1023
1023
1024
1025
1025
691
691
691
869
869
1027
1027
1027
1027
860
860
860
694
695
695
696
696
696
697
697
698
699
699
699
700
868
868
868
869
869
339
339
339
339
1027
1028
1028
1029
1029
1030
1030
1031
1031
1032
1032
1033
1033
1034
1034
1035
1036
1036
702
702
702
881
881
1038
1038
340
340
340
341
342
342
343
343
343
344
344
345
345
346
347
347
348
348
880
880
880
881
881
351
351
1038
1039
1040
1040
1040
1041
1041
1042
1042
1043
1043
1044
1044
1045
1045
1046
1047
1047
1047
1048
714
714
714
542
542
351
352
353
353
353
354
355
355
355
356
357
357
357
358
358
359
360
360
361
361
893
893
893
542
542
1049
1050
1050
1051
1051
1052
1053
1053
1053
1054
1054
1055
1055
1056
1056
1057
1057
1058
1059
1059
181
181
181
727
727
365
365
366
366
366
367
368
368
368
369
370
370
370
371
371
372
373
373
373
374
374
375
906
906
906
557
557
557
1064
1064
1065
560
560
561
561
561
562
563
563
564
564
565
565
566
566
567
567
195
195
195
377
742
743
743
743
744
745
745
382
382
382
747
747
748
749
749
750
750
750
751
751
752
753
753
753
570
570
571
571
571
572
573
573
573
574
575
575
576
576
576
577
578
578
578
579
580
580
580
581
581
210
210
210
756
212
212
213
213
213
759
215
215
215
216
216
217
218
218
218
219
219
765
766
766
766
403
404
404
405
406
406
406
407
408
408
409
409
410
410
410
411
411
412
413
413
413
414
415
415
415
596
596
597
597
597
598
598
599
600
600
600
601
602
602
602
603
604
604
604
605
606
606
607
607
607
947
947
948
948
948
949
949
950
951
951
952
952
952
953
954
954
954
955
956
956
956
957
958
958
958
248
249
249
250
251
251
251
252
253
253
253
254
255
255
255
256
257
257
257
258
259
259
259
260
260
442
443
443
1116
264
264
446
446
446
447
448
448
448
1121
450
450
450
1123
452
452
452
272
272
273
273
832
833
834
834
834
835
836
836
836
837
838
838
839
839
839
840
840
840
840
840
840
840
840
840
840
840
841
841
842
843
843
843
844
844
845
846
846
847
847
847
848
848
673
673
673
673
673
673
673
673
840
841
841
842
843
843
843
844
844
845
846
846
847
847
847
848
848
849
849
849
849
849
849
849
849
674
674
674
675
675
676
677
677
678
678
679
679
680
680
680
681
681
858
858
682
682
682
682
682
682
849
850
850
851
851
852
852
853
853
854
854
855
856
856
857
857
857
858
858
859
859
859
859
859
859
682
683
684
684
685
685
685
686
687
687
688
688
689
689
690
690
690
691
691
869
869
692
692
692
692
860
860
860
861
861
862
862
863
863
864
864
865
865
866
867
867
516
516
516
869
869
870
870
870
870
692
693
693
694
695
695
696
696
696
697
697
698
699
699
700
700
700
701
701
702
702
881
881
703
703
870
871
871
872
872
873
873
874
874
875
875
876
876
877
877
878
879
879
528
528
528
881
881
530
530
703
704
704
705
706
706
707
707
707
708
708
709
710
710
711
711
711
712
712
540
714
714
714
542
542
882
883
883
884
884
885
885
886
886
887
887
888
888
889
889
890
891
891
892
892
541
541
541
542
542
716
716
716
172
718
718
718
719
720
720
720
721
721
177
723
723
724
724
724
725
725
726
726
727
727
894
895
895
896
896
897
897
898
899
899
899
900
900
901
901
902
902
903
904
904
904
905
555
555
555
728
184
730
730
730
186
732
732
732
733
733
189
190
190
190
191
191
192
193
193
193
194
740
740
740
907
908
908
909
909
910
910
911
911
912
912
913
913
914
914
915
915
916
916
917
918
918
919
919
919
197
197
197
198
198
199
200
200
201
201
202
202
202
203
204
204
204
205
205
206
207
207
208
208
208
920
921
922
922
923
923
923
924
925
925
925
926
927
927
928
928
928
929
930
930
930
931
932
932
932
28
28
28
29
30
30
30
31
31
32
33
33
33
34
35
35
36
36
36
37
37
38
38
39
39
934
934
935
935
936
936
937
937
938
938
938
939
939
940
940
941
941
942
942
943
944
944
944
945
945
595
596
597
597
598
598
598
599
600
600
600
601
601
602
603
603
603
604
605
605
605
606
606
428
428
947
947
948
948
949
949
949
950
951
951
952
952
952
953
954
954
954
955
956
956
956
957
958
958
958
430
430
430
431
431
432
433
433
434
434
434
435
436
436
436
437
438
438
439
439
440
440
440
441
441
794
794
795
795
795
962
797
797
798
798
798
799
799
800
801
801
801
802
802
969
804
804
804
805
805
79
635
81
81
81
82
83
83
83
639
85
85
85
462
87
87
88
88
88
644
644
645
91
91
91
93
93
93
94
95
95
95
96
97
97
97
98
99
99
100
100
100
101
102
102
102
103
104
104
104
1
1
1
1
1
1
1
1
1
1
1
1
1
1
1
1
1
1
1
1
1
1
1
1
1
507
507
507
507
507
507
507
507
512
512
513
513
513
514
515
515
515
507
507
507
507
507
507
507
507
507
508
508
509
510
510
511
511
512
512
513
513
513
514
515
515
515
516
516
517
517
507
507
507
507
507
508
508
509
510
510
511
511
512
512
513
513
513
514
515
515
515
516
516
517
517
518
518
518
518
519
519
519
520
520
521
522
522
522
523
524
524
524
525
525
526
527
527
527
528
528
529
529
339
339
519
519
519
520
520
521
522
522
522
523
524
524
524
525
525
526
527
527
527
528
528
529
529
530
530
339
531
341
341
341
342
342
534
344
344
345
345
345
346
346
538
538
539
540
540
350
350
350
542
542
531
531
531
532
533
533
533
534
534
535
536
536
537
537
537
538
538
539
540
540
540
541
541
542
542
352
352
352
172
354
354
354
355
356
356
356
176
358
358
358
178
179
179
180
180
362
362
362
363
363
544
544
545
545
545
546
547
547
547
548
548
549
550
550
550
551
552
552
553
553
554
554
554
555
555
184
184
184
185
367
367
367
187
187
188
189
189
190
190
191
191
191
192
193
193
194
194
376
376
376
557
557
558
558
559
559
560
560
560
561
562
562
562
563
563
564
565
565
566
566
566
567
568
568
568
197
197
198
198
198
199
200
200
200
201
202
202
203
203
203
204
204
205
206
206
206
207
208
208
208
569
570
571
571
572
572
572
18
574
574
575
575
575
576
576
577
578
578
578
579
579
580
581
581
581
209
210
211
211
211
212
212
213
214
214
215
215
215
216
216
217
218
218
218
219
220
220
221
221
221
404
404
404
405
405
406
407
407
408
408
408
409
409
410
411
411
412
412
412
413
413
414
415
415
415
223
223
223
224
225
225
225
226
227
227
227
228
229
229
230
230
230
231
232
232
233
233
233
234
234
416
417
418
418
418
419
420
420
420
421
422
422
422
423
424
424
425
425
425
426
427
427
428
428
428
54
54
54
55
56
56
57
57
57
58
58
59
60
60
61
61
61
62
62
63
64
64
65
65
65
429
249
431
431
431
432
433
433
433
253
435
435
435
255
256
256
257
257
439
439
439
440
440
260
260
621
622
622
623
624
624
625
625
626
626
626
627
628
628
628
629
629
630
631
631
632
632
633
633
633
80
80
80
81
81
82
83
83
84
84
84
85
85
86
87
87
87
88
89
89
90
90
90
91
91
634
635
636
636
637
637
638
638
639
639
639
640
641
641
641
642
643
643
643
644
644
645
646
646
646
105
469
470
470
470
471
472
472
473
473
473
474
475
475
475
476
476
477
115
115
115
479
659
659
659
660
119
120
120
303
303
303
304
123
123
123
306
306
125
308
308
127
127
127
128
129
129
129
130
130
1
1
1
1
1
1
1
1
1
1
1
1
1
1
1
1
1
1
1
1
1
1
1
1
1
339
339
339
339
339
339
343
343
343
339
345
345
345
339
339
339
339
339
339
339
339
339
339
339
339
340
340
341
341
341
342
343
343
343
344
345
345
345
346
347
347
348
348
349
349
349
350
350
339
339
340
340
341
341
341
342
343
343
343
344
345
345
345
346
347
347
348
348
349
349
349
350
350
351
351
352
352
352
353
354
354
355
355
355
356
356
357
358
358
359
359
359
360
361
361
361
362
362
363
363
352
352
352
353
354
354
355
355
355
356
356
357
358
358
359
359
359
360
361
361
361
362
362
363
363
170
171
172
172
173
173
173
368
175
175
176
176
176
177
177
372
373
373
374
374
181
181
181
182
182
365
365
366
366
366
367
368
368
369
369
369
370
370
371
372
372
373
373
374
374
374
375
375
376
376
184
184
184
185
186
186
186
5
188
188
188
189
189
8
191
191
191
10
193
193
193
194
194
195
195
377
378
378
379
380
380
381
381
382
382
383
383
383
384
384
385
386
386
387
387
387
388
389
389
389
196
197
197
16
199
199
199
200
200
19
202
202
202
21
21
22
205
205
205
24
207
207
207
26
26
390
391
392
392
392
393
394
394
394
395
396
396
397
397
397
398
398
399
400
400
401
401
401
402
402
28
28
28
29
30
30
30
31
32
32
32
33
34
34
34
35
36
36
37
37
38
38
38
39
39
404
404
404
405
405
406
407
407
408
408
408
228
229
229
229
230
412
412
412
413
413
233
234
234
234
41
41
42
42
43
43
43
44
45
45
45
46
47
47
47
48
48
49
50
50
50
51
52
52
52
235
236
237
237
237
238
238
239
239
240
241
241
242
242
242
243
244
244
245
245
245
246
246
247
247
430
430
430
431
431
432
432
433
434
434
435
435
436
436
436
437
438
438
438
439
439
440
441
441
441
249
249
249
250
251
251
251
252
252
253
254
254
255
255
255
256
257
257
258
258
259
259
259
260
260
442
443
443
444
445
445
445
446
447
447
447
448
449
449
450
450
450
451
452
452
452
453
454
454
454
79
80
81
81
82
82
83
83
83
84
85
85
85
86
87
87
87
88
89
89
89
90
90
91
91
455
456
456
457
457
458
458
459
460
460
461
461
461
462
463
463
464
464
464
465
466
466
466
467
467
468
469
469
470
470
471
471
472
473
473
474
474
475
475
476
476
476
477
478
478
478
479
479
480
480
468
469
469
470
470
471
471
472
473
473
474
474
475
475
476
476
476
477
478
478
478
479
479
480
480
118
119
119
120
121
121
122
122
122
305
124
124
124
125
125
126
127
127
127
128
129
129
129
130
130
131
132
133
133
134
134
135
135
135
136
137
137
137
138
139
139
140
140
140
141
142
142
143
143
143
340
340
341
341
342
342
342
343
344
344
345
345
346
346
347
347
347
348
348
349
350
350
350
351
351
352
352
353
353
354
354
354
355
356
356
357
357
358
358
359
359
360
360
360
361
361
362
362
363
363
352
352
353
353
354
354
354
355
356
356
357
357
358
358
359
359
360
360
360
361
361
362
362
363
363
170
171
172
172
173
173
174
174
174
175
176
176
176
177
177
178
179
179
179
180
180
181
181
182
182
365
365
366
366
366
367
367
368
369
369
370
370
371
371
372
372
373
373
374
374
374
375
375
376
376
184
184
184
185
186
186
187
187
187
188
189
189
190
190
190
191
191
192
193
193
193
194
194
195
195
1
2
3
3
3
4
5
5
6
6
6
7
8
8
8
9
10
10
11
11
11
12
12
13
13
197
197
197
198
198
199
199
200
201
201
202
202
202
203
204
204
204
205
205
206
207
207
208
208
208
15
15
15
392
17
17
17
18
18
19
20
20
21
21
21
22
22
23
24
24
24
25
26
26
26
209
210
211
211
211
212
212
213
214
214
215
215
215
216
217
217
217
218
219
219
219
220
221
221
221
403
404
404
405
406
406
406
407
408
408
408
409
410
410
411
411
412
412
412
413
414
414
414
415
415
222
223
223
224
224
43
43
44
44
45
45
46
229
229
230
230
230
49
232
232
232
233
234
234
234
416
417
417
418
418
419
420
420
420
421
422
422
423
423
423
424
425
425
425
426
426
427
428
428
428
54
54
54
55
56
56
56
57
57
58
58
59
60
60
61
61
62
62
62
63
63
64
65
65
65
430
430
430
431
431
432
433
433
433
434
434
435
435
436
436
437
438
438
438
439
439
440
441
441
441
66
67
68
68
69
69
69
70
70
71
72
72
72
73
73
74
75
75
76
76
76
77
78
78
78
442
443
443
444
445
445
446
446
446
447
448
448
448
449
450
450
450
451
452
452
452
453
454
454
454
79
456
456
457
82
82
82
459
459
460
85
85
85
462
462
463
463
464
464
465
466
466
467
467
467
455
456
456
457
458
458
459
459
459
460
461
461
462
462
462
463
463
464
464
465
466
466
467
467
467
468
469
470
470
471
471
472
472
473
473
473
474
475
475
475
476
477
477
477
478
479
479
479
480
480
468
469
470
470
471
471
472
472
473
473
473
474
475
475
475
476
477
477
477
478
479
479
479
480
480
119
119
120
120
120
303
122
122
122
123
123
124
125
125
125
126
127
127
128
128
128
129
130
130
130
119
119
119
302
303
303
122
122
122
123
123
124
125
125
125
126
127
127
127
310
310
129
312
312
312
132
132
133
133
134
134
134
135
135
136
137
137
137
138
138
139
140
140
141
141
142
142
142
143
143
494
495
495
496
496
497
497
498
499
499
499
500
501
501
502
502
503
503
503
504
505
505
505
506
506
171
171
172
172
172
173
173
174
175
175
176
176
177
177
177
178
179
179
179
180
180
181
181
182
182
184
184
185
185
185
186
187
187
188
188
189
189
190
190
191
191
191
192
193
193
193
194
195
195
195
184
184
185
185
185
186
187
187
188
188
189
189
190
190
191
191
191
192
193
193
193
194
195
195
195
1
2
3
3
3
4
5
5
5
6
7
7
8
8
8
9
10
10
10
11
12
12
13
13
13
197
197
198
198
198
199
200
200
201
201
202
202
203
203
204
204
204
205
206
206
206
207
208
208
208
14
15
16
16
16
17
17
18
19
19
20
20
21
21
21
22
23
23
23
24
24
25
26
26
26
209
210
210
211
211
212
212
213
214
214
215
215
215
216
217
217
218
218
218
219
220
220
221
221
221
27
28
28
29
30
30
30
31
31
32
33
33
34
34
34
35
36
36
36
37
38
38
38
39
39
222
223
224
224
224
225
225
226
226
227
228
228
229
229
229
230
231
231
232
232
232
233
234
234
234
40
41
41
237
43
43
43
44
44
45
46
46
47
47
48
48
48
49
50
50
50
51
51
247
247
235
236
236
237
237
238
239
239
239
240
241
241
242
242
243
243
243
244
245
245
245
246
246
247
247
54
54
54
250
250
251
251
252
253
253
253
254
255
255
256
256
256
257
258
258
259
259
259
260
260
249
249
250
250
250
251
251
252
253
253
253
254
255
255
256
256
256
257
258
258
259
259
259
260
260
261
262
262
263
264
264
264
265
266
266
267
267
268
268
268
269
269
270
271
271
271
272
272
273
273
261
262
262
263
264
264
264
265
266
266
267
267
268
268
268
269
269
270
271
271
271
272
272
273
273
275
275
275
276
277
277
277
278
279
279
279
280
280
281
282
282
283
283
284
284
284
285
285
286
286
275
275
275
276
277
277
277
278
279
279
279
280
280
281
282
282
283
283
284
284
284
285
285
286
286
288
288
289
289
289
290
290
291
291
292
293
293
293
294
295
295
296
296
297
297
297
298
299
299
299
288
288
289
289
289
290
290
291
291
292
293
293
293
294
295
295
296
296
297
297
297
298
299
299
299
300
301
120
120
120
303
304
304
123
123
123
124
124
125
125
126
127
127
128
128
129
129
130
130
130
300
301
120
120
120
303
304
304
123
123
123
124
124
125
125
126
127
127
128
128
129
129
130
130
130
132
132
132
133
133
134
135
135
135
136
136
137
137
138
138
139
140
140
141
141
142
142
143
143
143
131
314
315
315
134
134
134
317
317
318
319
319
320
320
321
321
321
322
323
323
324
324
324
325
325
145
145
145
146
146
147
148
148
148
149
149
150
150
151
151
152
153
153
154
154
154
155
156
156
156
326
327
328
328
328
329
330
330
330
331
331
332
333
333
334
334
334
335
336
336
337
337
337
338
338
2
2
3
3
3
4
5
5
6
6
7
7
8
8
9
9
9
10
11
11
11
12
12
13
13
14
15
15
16
17
17
18
18
19
19
20
20
20
21
21
22
22
23
23
24
25
25
25
26
26
14
15
15
16
17
17
18
18
19
19
20
20
20
21
21
22
22
23
23
24
25
25
25
26
26
27
28
28
29
29
30
31
31
31
32
32
33
33
34
35
35
36
36
36
37
38
38
38
39
39
27
28
28
29
29
30
31
31
31
32
32
33
33
34
35
35
36
36
36
37
38
38
38
39
39
40
41
41
42
43
43
43
44
44
45
46
46
47
47
48
48
49
49
49
50
51
51
51
52
52
40
41
41
42
43
43
43
44
44
45
46
46
47
47
48
48
49
49
49
50
51
51
51
52
52
53
54
55
55
55
56
56
57
57
58
59
59
59
60
61
61
61
62
62
63
63
64
65
65
65
53
54
55
55
55
56
56
57
57
58
59
59
59
60
61
61
61
62
62
63
63
64
65
65
65
67
67
68
68
68
69
70
70
70
71
72
72
73
73
73
74
75
75
76
76
76
77
77
78
78
67
67
68
68
68
69
70
70
70
71
72
72
73
73
73
74
75
75
76
76
76
77
77
78
78
80
80
80
81
81
82
82
83
83
84
85
85
86
86
87
87
87
88
88
89
90
90
90
91
91
80
80
80
81
81
82
82
83
83
84
85
85
86
86
87
87
87
88
88
89
90
90
90
91
91
93
93
94
94
95
95
95
96
97
97
97
98
99
99
99
100
100
101
101
102
102
103
104
104
104
93
93
94
94
95
95
95
96
97
97
97
98
99
99
99
100
100
101
101
102
102
103
104
104
104
105
106
106
107
107
108
109
109
110
110
110
111
112
112
112
113
113
114
115
115
115
116
116
117
117
105
106
106
107
107
108
109
109
110
110
110
111
112
112
112
113
113
114
115
115
115
116
116
117
117
118
119
119
120
121
121
121
122
122
123
124
124
125
125
125
126
126
127
128
128
128
129
130
130
130
118
119
119
120
121
121
121
122
122
123
124
124
125
125
125
126
126
127
128
128
128
129
130
130
130
131
132
132
133
134
134
134
135
136
136
136
137
138
138
138
139
139
140
141
141
142
142
142
143
143
131
132
132
133
134
134
134
135
136
136
136
137
138
138
138
139
139
140
141
141
142
142
142
143
143
144
145
146
146
146
147
147
148
149
149
150
150
150
151
152
152
152
153
153
154
155
155
156
156
156
144
145
146
146
146
147
147
148
149
149
150
150
150
151
152
152
152
153
153
154
155
155
156
156
156
158
158
159
159
159
160
160
161
162
162
162
163
164
164
164
165
165
166
166
167
167
168
169
169
169
158
158
159
159
159
160
160
161
162
162
162
163
164
164
164
165
165
166
166
167
167
168
169
169
169