0
0
0
0
0
0
0
0
0
0
0
0
0
0
0
0
0
0
0
0
0
0
0
0
0
0
0
0
0
0
0
0
171
287
287
171
171
171
171
171
171
171
171
171
171
171
171
171
171
171
171
171
171
171
171
171
171
171
287
287
171
171
171
171
171
171
171
171
171
171
171
171
171
171
171
171
171
171
171
171
171
171
178
178
178
298
298
178
178
178
178
178
178
178
178
178
178
178
178
178
178
178
178
178
178
178
178
178
178
178
298
298
399
399
178
178
178
178
178
178
178
178
178
178
178
178
178
178
178
178
178
178
225
225
225
306
306
399
399
152
152
152
152
152
152
152
152
152
152
152
152
152
152
152
152
152
152
132
132
132
186
399
399
399
399
399
181
181
181
181
181
181
181
181
181
181
181
181
181
181
181
181
152
183
234
234
317
317
317
399
399
135
135
135
135
135
135
135
135
135
135
135
135
135
135
135
135
88
107
107
138
138
194
399
399
399
399
399
183
183
183
183
183
183
183
183
183
183
183
183
183
183
158
158
158
192
243
243
327
327
327
399
399
151
151
151
151
151
151
151
151
151
151
151
151
151
151
183
206
206
234
234
271
271
320
399
399
399
400
400
171
171
171
171
171
171
171
171
171
171
171
171
151
170
170
195
195
227
272
272
272
336
336
400
400
141
141
141
141
141
141
141
141
141
141
141
141
70
81
96
96
96
118
118
152
330
330
330
400
400
399
399
176
176
176
176
176
176
176
176
176
176
141
157
157
177
177
202
202
235
235
281
281
347
347
399
399
188
188
188
188
188
188
188
188
188
188
65
74
74
85
85
101
101
124
124
159
221
221
399
399
399
400
400
168
168
168
168
168
168
168
168
168
168
220
220
240
240
240
264
264
293
293
299
373
373
373
400
400
190
190
190
190
190
190
190
190
182
182
182
198
198
217
240
240
240
267
267
167
343
343
400
400
400
399
399
174
174
174
174
174
174
160
160
160
174
174
191
212
212
212
237
237
268
309
309
309
362
362
399
399
157
157
157
157
157
157
58
64
72
72
72
82
82
95
95
112
112
137
176
176
176
242
399
399
399
399
399
138
138
138
138
169
169
169
181
196
196
196
213
213
233
257
257
257
285
321
321
321
365
365
399
399
187
187
187
187
128
128
128
139
139
152
168
168
168
186
186
209
238
238
276
276
276
325
399
399
399
399
399
195
195
187
198
210
210
210
223
238
238
238
254
254
272
272
293
293
317
346
346
346
378
378
399
399
195
195
175
185
185
170
209
209
209
223
239
239
239
230
277
277
277
300
300
307
342
342
342
399
399
399
399
201
201
212
212
212
223
223
236
250
250
250
266
266
283
283
303
303
325
351
351
351
379
379
399
399
181
190
190
200
200
211
224
224
238
238
238
253
253
270
270
289
289
310
336
336
336
363
399
399
399
1
1
1
1
1
1
1
1
1
1
1
1
1
1
1
1
1
1
1
1
1
1
1
1
1
1
1
1
1
1
85
85
85
85
85
85
85
85
85
85
85
85
85
85
85
85
85
85
85
85
1
1
1
1
1
189
189
1
1
1
1
1
1
1
1
1
1
1
1
1
1
1
1
1
1
1
1
1
1
189
189
189
73
73
73
73
73
73
73
73
73
73
73
73
73
73
73
73
73
73
1
1
1
1
1
1
1
189
189
1
1
1
1
1
1
1
1
1
1
1
1
1
1
1
1
134
134
161
161
161
200
189
189
189
104
104
104
104
104
104
104
104
104
104
104
104
104
104
104
104
1
1
1
1
1
1
1
1
1
253
253
131
131
131
131
131
131
131
131
131
131
131
131
131
131
119
119
119
139
166
166
166
206
206
253
253
96
96
96
96
96
96
96
96
96
96
96
96
96
96
1
1
1
1
1
1
1
1
1
1
1
188
188
122
122
122
122
122
122
122
122
122
122
122
122
108
108
123
123
143
143
143
172
212
212
212
188
188
89
89
89
89
89
89
89
89
89
89
89
89
1
1
1
1
1
1
1
1
1
1
1
1
1
286
286
134
134
134
134
134
134
134
134
134
134
99
99
99
112
112
128
148
148
177
177
177
218
218
286
286
149
149
149
149
149
149
149
149
149
149
1
1
1
1
1
1
1
1
1
1
1
1
1
1
1
251
251
127
127
127
127
127
127
127
127
161
161
174
174
190
190
190
209
209
232
261
261
261
295
295
251
251
104
104
104
104
104
104
104
104
127
138
150
150
164
164
164
181
181
202
228
228
228
259
302
302
302
251
251
122
122
122
122
122
122
104
113
123
123
135
135
135
150
167
167
167
189
218
218
218
256
256
251
251
149
149
149
149
149
149
1
1
1
1
1
1
1
1
1
1
1
1
1
1
1
1
323
323
323
251
251
133
133
133
133
100
108
117
117
117
128
140
140
140
155
173
173
173
196
196
224
263
263
263
251
251
145
145
145
145
1
1
180
180
180
58
205
205
220
220
220
237
237
97
116
116
116
145
323
323
323
251
251
164
164
115
123
123
132
132
142
153
153
166
166
166
182
234
234
234
221
249
249
249
282
282
251
251
164
164
46
46
50
50
50
55
60
60
60
67
67
76
76
87
101
101
122
122
122
151
151
323
323
323
323
120
120
128
128
137
137
137
146
146
202
215
215
215
231
207
207
207
268
291
291
291
319
319
323
323
138
146
82
82
82
1
174
174
174
186
186
199
213
213
213
230
230
1
272
272
318
318
318
323
323
132
132
132
140
148
148
148
158
168
168
180
180
180
194
194
210
210
228
250
250
250
274
304
304
304
128
135
135
143
151
151
160
160
160
171
182
182
182
195
195
210
210
227
246
246
246
269
296
296
296
1
1
1
1
1
1
1
1
1
1
1
1
1
1
1
1
1
1
1
1
1
1
1
1
1
1
1
1
1
1
1
1
1
1
56
56
56
56
56
56
56
56
56
56
56
56
56
56
56
56
1
1
1
1
1
1
1
1
1
1
1
1
1
1
1
1
1
1
1
1
1
1
1
1
1
1
1
1
1
1
1
122
122
122
122
122
51
51
51
51
51
51
51
51
51
51
51
51
51
51
1
1
1
1
1
1
1
1
1
122
122
1
1
1
1
1
1
1
1
1
1
1
1
1
1
84
95
95
108
125
125
147
147
122
122
122
1
1
46
46
46
46
46
46
46
46
46
46
46
46
1
1
1
1
1
1
1
1
1
1
1
1
1
102
102
102
102
102
102
102
102
102
102
102
102
78
87
97
97
110
110
110
128
150
150
121
121
121
180
180
73
73
73
73
73
73
73
73
73
73
112
112
112
124
138
138
138
156
178
178
178
208
208
180
180
96
96
96
96
96
96
96
96
96
96
73
81
89
89
89
100
113
113
131
131
131
154
120
120
120
216
216
70
70
70
70
70
70
70
70
96
105
115
115
115
127
141
141
159
159
159
182
212
212
212
216
216
91
91
91
91
91
91
91
91
76
76
83
83
83
92
92
103
103
117
135
135
158
158
216
216
216
215
215
66
66
66
66
66
66
1
1
1
1
1
1
1
1
1
1
1
1
1
1
1
1
1
215
215
88
88
88
88
88
88
66
72
78
78
78
86
95
95
106
106
106
120
120
139
162
162
215
215
215
215
215
118
118
118
118
1
1
1
1
1
1
1
1
1
1
1
1
1
1
1
1
1
1
1
215
215
101
101
101
101
69
69
69
75
81
81
81
89
98
98
98
110
124
124
142
142
142
167
167
215
215
215
215
115
115
131
1
1
1
157
157
157
168
168
1
1
1
1
1
1
1
1
1
214
214
214
215
215
126
126
122
122
129
129
129
138
138
148
159
159
159
172
172
185
203
203
203
224
248
248
248
215
215
137
137
104
104
104
111
111
119
119
128
137
137
137
149
162
162
177
177
196
196
196
218
214
214
214
256
256
85
85
85
91
97
97
97
104
113
113
122
122
122
134
147
147
163
163
163
182
206
206
206
256
256
133
1
1
1
1
1
1
1
174
174
174
185
197
197
197
1
226
226
245
245
245
264
279
279
279
79
127
89
89
89
141
101
101
101
109
109
169
127
127
127
192
152
152
152
224
224
242
211
211
211
113
113
38
38
38
41
44
44
44
142
52
52
57
57
63
63
71
71
71
80
92
92
92
242
242
117
117
117
124
130
130
130
138
146
146
155
155
165
165
176
176
176
189
189
204
220
220
220
240
240
115
121
127
127
127
134
176
176
149
149
149
158
158
168
178
178
191
191
191
204
204
220
241
241
241
1
1
1
1
1
1
1
1
1
1
1
1
1
1
1
1
1
1
1
1
1
1
1
1
1
1
1
1
1
1
1
1
1
1
1
1
42
42
42
42
42
42
42
42
42
42
42
42
42
42
1
1
1
1
1
1
1
1
1
1
1
87
87
1
1
1
1
1
1
1
1
1
1
1
1
47
47
53
53
61
61
61
72
72
88
88
87
87
39
39
39
39
39
39
39
39
39
39
39
39
1
1
1
1
1
1
1
1
1
1
1
1
1
86
86
1
1
1
1
1
1
1
1
1
1
43
43
48
48
48
89
89
101
101
116
88
88
88
86
86
36
36
36
36
36
36
36
36
36
36
1
1
1
1
1
1
1
1
1
1
1
1
139
139
139
1
1
1
1
1
1
1
1
1
1
62
68
74
74
74
82
91
91
91
103
117
117
117
137
137
138
138
34
34
34
34
34
34
34
34
1
1
1
1
1
1
1
1
1
1
1
1
1
1
1
138
138
79
79
79
79
79
79
79
79
59
64
69
69
69
76
76
84
93
93
105
105
105
119
88
88
88
137
137
95
95
95
95
95
95
1
1
1
1
1
1
1
1
1
1
1
1
1
1
1
1
1
137
137
75
75
75
75
75
75
95
102
109
109
117
117
117
127
138
138
138
151
167
167
167
185
86
86
86
1
1
54
54
54
54
75
1
1
1
93
93
93
101
110
110
110
121
121
134
149
149
169
169
169
1
1
73
73
73
73
54
58
104
104
104
68
73
73
73
80
88
88
88
98
110
110
110
125
86
86
86
1
1
88
88
73
78
83
83
89
89
89
96
96
104
113
113
113
124
137
137
137
153
153
1
1
1
1
113
113
56
56
56
60
60
65
70
70
76
76
82
82
82
91
100
100
100
113
113
128
214
214
214
195
195
71
1
1
1
1
1
1
1
1
1
1
1
1
1
183
183
183
199
215
215
214
214
214
195
195
51
55
58
58
62
62
62
67
72
72
78
78
85
85
93
93
93
104
104
116
131
131
86
86
86
115
115
121
121
121
128
135
135
143
143
143
152
152
162
173
173
173
186
201
201
201
217
213
213
213
50
53
53
57
60
60
64
64
64
69
69
75
81
81
88
88
96
96
96
107
119
119
119
134
134
1
1
1
1
1
1
1
1
1
1
1
1
1
1
1
1
1
1
1
1
1
1
1
1
1
69
114
77
77
81
81
81
86
86
139
139
98
98
105
112
112
112
121
121
132
144
144
158
158
158
30
32
32
34
36
36
38
38
38
41
44
44
47
47
51
51
51
56
56
62
62
69
77
77
77
101
106
111
111
116
116
116
122
122
129
136
136
143
143
143
152
152
162
172
172
172
184
200
200
200
95
95
95
114
119
119
119
125
125
1
1
1
146
146
146
1
164
164
174
174
174
1
198
198
198
1
1
1
1
1
1
1
1
1
1
1
1
1
1
1
1
1
1
1
1
1
1
1
1
1
1
1
1
1
1
1
1
1
1
1
1
1
1
1
1
33
33
33
33
33
33
33
33
33
33
1
1
1
1
1
1
1
1
1
1
1
1
1
1
1
1
1
1
1
1
1
1
1
1
1
36
36
36
40
44
44
44
50
57
57
66
66
66
68
68
31
31
31
31
31
31
31
31
31
31
1
1
1
1
1
1
1
1
1
1
1
1
1
1
1
67
67
1
1
1
1
1
1
1
1
31
34
37
37
40
40
40
45
45
51
58
58
67
67
67
67
67
29
29
29
29
29
29
29
29
1
1
1
1
1
1
1
1
1
1
1
1
1
1
110
110
110
66
66
1
1
1
1
1
1
29
32
34
34
37
37
37
41
41
46
52
52
58
58
58
68
68
66
66
28
28
28
28
28
28
1
1
1
1
1
1
1
1
1
1
1
1
1
1
1
1
111
111
111
66
66
1
1
1
1
30
30
30
56
56
61
66
66
71
71
47
47
47
86
60
60
60
67
67
66
66
82
82
82
82
1
1
1
1
1
1
1
1
1
1
1
1
1
1
1
1
1
1
110
110
110
66
66
1
1
87
87
92
92
98
98
98
105
112
112
112
121
121
131
143
143
143
157
66
66
66
66
66
78
78
1
1
1
1
1
1
1
1
1
1
1
1
1
1
1
1
1
1
1
1
109
109
109
139
139
78
83
83
88
93
93
99
99
99
106
113
113
113
122
122
132
144
144
157
157
66
66
66
139
139
1
1
1
1
1
1
1
1
1
1
1
1
1
1
1
1
1
1
1
1
185
185
185
1
1
80
80
84
84
84
89
89
95
101
101
107
107
107
115
115
124
124
134
145
145
145
159
183
183
183
1
1
1
1
1
1
1
1
80
80
80
86
92
92
99
99
99
1
1
1
1
1
182
182
182
74
46
82
82
82
51
51
55
97
97
97
62
62
67
72
72
78
78
78
86
86
94
94
105
105
62
62
62
66
69
69
73
73
73
78
83
83
83
89
95
95
102
102
102
111
120
120
120
132
132
91
91
91
49
100
100
100
55
111
111
62
62
124
124
124
132
77
77
77
150
150
92
101
101
101
79
79
79
83
87
87
87
92
97
97
102
102
102
109
115
115
115
123
123
132
141
141
152
152
152
65
65
65
69
72
72
72
76
80
80
80
85
90
90
90
96
96
103
110
110
118
118
130
130
130
28
28
28
30
31
31
31
33
35
35
37
37
37
40
40
43
46
46
46
50
54
54
59
59
59
96
96
96
101
105
105
105
110
115
115
115
121
127
127
127
134
141
141
141
153
162
162
162
170
170
82
86
86
1
94
94
98
98
98
103
108
108
108
114
120
120
120
1
134
134
134
160
152
152
152
1
1
1
1
1
1
1
1
1
1
1
1
1
1
1
1
1
1
1
1
1
1
1
1
1
1
1
1
1
1
1
1
1
1
1
1
1
1
1
1
1
1
27
27
27
27
27
27
27
27
1
1
1
1
1
1
1
1
1
1
1
1
1
1
1
1
1
1
1
1
1
1
1
1
1
27
30
32
32
32
35
38
38
42
42
47
47
53
53
53
56
56
1
1
26
26
26
26
26
26
1
1
1
1
1
1
1
1
1
1
1
1
1
1
1
1
1
1
1
1
1
1
1
1
1
26
28
30
30
32
32
32
35
38
38
42
42
47
47
53
53
53
54
54
1
1
25
25
25
25
1
1
1
1
1
1
1
1
1
1
1
1
1
1
1
1
94
94
94
1
1
1
1
1
1
26
26
26
28
30
30
30
33
35
35
35
39
43
43
47
47
47
54
54
54
54
1
1
24
24
1
1
1
1
1
1
1
1
1
1
1
1
1
1
1
1
1
1
92
92
92
1
1
42
42
25
25
25
27
27
29
31
31
33
33
33
36
39
39
43
43
43
48
55
55
55
53
53
89
89
1
1
1
1
1
1
1
1
1
1
1
1
1
1
1
1
1
1
1
1
91
91
91
89
89
24
24
24
26
27
27
27
29
31
31
31
34
34
37
40
40
44
44
44
49
49
53
53
53
53
1
1
1
1
1
1
1
1
1
1
1
1
1
1
1
1
1
1
1
1
1
1
90
90
90
22
72
25
25
25
80
28
28
28
30
30
95
35
35
35
108
108
116
125
125
125
135
53
53
53
1
1
1
1
1
1
1
1
1
1
1
1
1
1
1
1
1
1
1
1
1
1
1
1
1
22
70
73
73
73
77
81
81
81
86
91
91
96
96
102
102
102
109
109
117
126
126
136
136
136
1
1
1
1
1
1
1
1
1
1
1
1
1
1
1
1
1
1
1
1
1
1
1
1
1
81
85
88
88
88
93
97
97
97
102
107
107
107
113
113
120
127
127
134
134
134
143
143
153
153
1
1
1
1
1
1
1
1
1
1
1
1
1
1
1
1
1
1
1
1
1
1
1
1
1
40
42
44
44
46
46
46
49
49
52
55
55
58
58
58
62
62
66
70
70
70
76
84
84
84
1
1
1
1
1
1
1
1
1
1
1
1
1
1
1
1
1
1
1
1
1
1
1
1
1
59
59
59
62
62
65
68
68
68
72
75
75
79
79
79
84
89
89
94
94
94
101
107
107
107
25
25
26
26
26
1
29
29
29
31
32
32
32
34
36
36
36
39
39
1
44
44
44
48
48
86
90
93
93
93
97
101
101
101
56
110
110
110
83
121
121
127
127
127
74
78
78
148
148
148
76
92
92
96
96
100
104
104
108
108
108
113
118
118
123
123
123
129
135
135
135
142
142
150
150
1
1
1
1
1
1
1
1
1
1
1
1
1
1
1
1
1
1
1
1
1
1
1
1
1
1
1
1
1
1
1
1
1
1
1
1
1
1
1
1
1
1
1
1
23
23
23
23
23
23
1
1
1
1
1
1
1
1
1
1
1
1
1
1
1
1
1
1
1
45
45
1
1
1
1
23
25
25
27
29
29
31
31
31
34
37
37
41
41
45
45
45
47
47
45
45
22
22
22
22
1
1
1
1
1
1
1
1
1
1
1
1
1
1
1
1
1
1
1
1
1
44
44
1
1
23
23
23
25
25
27
27
29
31
31
33
33
33
36
36
40
44
44
44
45
45
44
44
21
21
40
1
45
45
45
48
48
1
55
55
59
59
59
64
64
1
1
1
83
83
83
1
1
44
44
22
22
22
24
25
25
25
27
27
29
31
31
31
34
36
36
36
40
44
44
44
45
45
44
44
40
40
40
1
45
45
45
48
51
51
51
55
59
59
59
1
1
1
1
1
78
78
78
1
1
21
21
21
23
24
24
25
25
25
27
27
29
31
31
31
34
37
37
40
40
44
44
44
44
44
1
1
1
1
43
43
43
1
1
1
1
1
1
1
1
1
64
64
64
1
1
1
77
77
77
21
21
22
22
23
23
24
24
24
26
26
28
28
30
32
32
34
34
37
37
37
41
41
44
44
1
1
1
1
1
1
1
1
1
1
1
1
1
1
1
1
1
1
1
1
1
1
1
1
1
19
20
21
21
22
22
22
24
25
25
25
27
28
28
28
30
32
32
32
35
35
38
38
42
42
1
1
1
1
1
1
1
1
1
1
1
1
1
1
1
1
1
1
1
1
1
1
101
101
101
37
37
37
39
39
41
43
43
43
46
48
48
48
51
54
54
54
58
62
62
66
66
71
71
71
52
52
52
55
57
57
57
60
63
63
63
67
70
70
74
74
74
79
84
84
89
89
89
96
96
36
38
38
40
41
41
41
44
46
46
48
48
48
51
54
54
57
57
57
61
65
65
65
71
71
67
67
67
70
73
73
76
76
76
80
80
84
88
88
88
93
98
98
103
103
109
109
109
116
116
37
39
40
40
40
42
44
44
44
64
49
49
49
71
74
74
78
78
61
61
61
65
65
94
94
1
1
1
1
1
1
1
1
1
1
1
1
1
1
1
1
1
1
1
1
1
1
1
1
1
69
69
69
72
72
75
78
78
81
81
81
85
85
89
93
93
93
98
103
103
108
108
108
114
114
22
23
24
24
25
25
26
26
27
27
27
29
30
30
30
32
32
34
36
36
38
38
40
40
40
71
43
43
45
46
46
48
48
48
51
53
53
55
55
55
58
58
61
106
106
106
68
42
42
42
1
1
1
1
1
1
1
1
1
1
1
1
1
1
1
1
1
1
1
1
1
1
1
1
1
1
1
1
1
1
1
1
1
1
1
1
1
1
1
1
1
1
1
1
1
1
1
1
1
1
1
1
1
1
1
1
1
1
1
1
1
1
1
1
1
1
1
1
1
1
1
1
1
21
21
1
1
1
1
1
1
1
1
1
1
1
1
1
1
1
1
1
1
1
1
1
1
1
1
1
22
22
23
23
23
25
26
26
26
28
30
30
30
33
36
36
39
39
42
42
42
39
39
1
1
1
1
1
1
1
1
1
1
1
1
1
1
1
1
1
1
1
1
1
1
1
1
1
1
1
19
21
22
22
23
23
24
24
24
26
26
28
30
30
32
32
32
35
38
38
38
39
39
38
38
36
38
40
40
42
42
42
45
47
47
50
50
50
54
54
58
63
63
68
68
68
71
71
1
1
19
20
21
21
22
22
23
23
24
24
24
26
26
28
30
30
32
32
32
35
38
38
38
38
38
35
35
35
37
39
39
39
1
44
44
44
47
50
50
53
53
53
57
61
61
61
66
66
68
68
18
19
19
20
21
21
22
22
23
23
23
25
26
26
26
28
30
30
32
32
32
35
38
38
38
32
34
34
36
37
37
37
39
39
1
44
44
44
47
47
1
53
53
53
1
61
61
61
66
66
18
19
19
20
20
20
20
22
23
23
24
24
25
25
25
27
27
29
31
31
33
33
33
36
36
1
1
1
1
1
1
1
1
1
1
1
1
1
1
1
1
1
1
1
1
1
1
1
1
1
19
19
19
20
20
21
22
22
23
23
23
44
26
26
26
49
29
29
29
31
31
59
63
63
63
50
50
52
52
54
54
54
57
59
59
59
62
65
65
65
69
69
73
77
77
77
82
87
87
87
33
35
36
36
36
38
38
40
40
42
44
44
46
46
46
49
51
51
51
55
58
58
58
62
62
1
1
1
1
1
1
1
1
1
1
1
1
1
1
1
1
1
1
1
1
1
1
1
1
1
35
35
35
37
38
38
38
40
40
42
44
44
46
46
46
49
51
51
51
56
59
59
59
61
61
1
1
1
1
1
1
1
1
1
1
1
1
1
1
1
1
1
1
1
1
1
1
1
1
1
49
51
53
53
55
55
57
57
57
60
60
63
65
65
65
69
72
72
72
76
80
80
84
84
84
1
1
1
1
1
1
1
1
1
1
1
1
1
1
1
1
1
1
1
1
1
1
1
1
1
20
21
21
22
22
23
23
24
25
25
26
26
27
27
28
28
28
30
31
31
31
33
33
35
35
20
21
21
22
22
23
23
24
25
25
26
26
27
27
28
28
28
30
31
31
31
33
33
35
35
53
55
55
57
59
59
59
62
46
46
46
48
69
69
69
72
75
75
75
79
82
82
82
86
86
1
1
1
1
1
1
1
1
1
1
1
1
1
1
1
1
1
1
1
1
1
1
1
1
1
1
1
1
1
1
1
1
1
1
1
1
1
1
1
1
1
1
1
1
1
1
1
1
1
1
1
1
1
1
1
1
1
1
1
1
1
1
1
1
1
1
1
1
1
1
1
1
1
1
1
1
1
1
1
1
1
1
1
1
1
1
1
1
1
1
1
1
1
1
1
1
1
1
1
1
19
20
21
21
22
22
23
23
23
25
26
26
26
28
28
30
30
33
35
35
35
37
37
34
34
1
1
1
1
1
1
1
1
1
1
1
1
1
1
1
1
1
1
1
1
1
1
1
1
1
18
19
19
19
20
20
20
22
23
23
24
24
24
26
27
27
27
29
31
31
31
34
34
35
35
33
35
36
36
36
38
40
40
42
42
42
45
47
47
47
50
53
53
53
58
62
62
62
65
65
17
18
18
18
18
19
19
20
21
21
21
23
24
24
25
25
25
27
27
29
31
31
33
33
33
33
33
33
35
36
36
36
38
38
40
42
42
44
44
44
47
47
50
53
53
53
57
61
61
61
17
18
18
19
19
19
19
20
21
21
21
23
24
24
25
25
25
27
28
28
28
30
34
34
34
1
1
1
1
1
1
1
1
1
1
1
1
1
1
1
1
1
1
1
1
1
1
1
1
1
17
18
18
19
19
20
20
38
38
40
40
42
24
24
25
25
25
49
28
28
28
30
32
32
32
1
1
1
1
1
1
1
1
1
1
1
1
1
1
1
1
1
1
1
1
1
1
1
1
1
32
34
35
35
20
20
20
38
38
40
40
42
44
44
46
46
48
48
48
51
51
54
57
57
57
1
1
1
1
1
1
1
1
1
1
1
1
1
1
1
1
1
1
1
1
1
1
1
1
1
32
34
35
35
35
37
38
38
38
40
40
42
42
44
46
46
48
48
50
50
50
53
56
56
56
1
1
1
1
1
1
1
1
1
1
1
1
1
1
1
1
1
1
1
1
1
1
1
1
1
33
1
1
1
37
37
37
1
1
1
42
42
42
44
46
46
46
1
1
1
1
1
1
1
1
1
1
1
1
1
1
1
1
1
1
1
1
1
1
1
1
1
1
1
1
1
1
1
1
1
1
1
1
1
1
1
1
1
1
1
1
1
1
1
1
1
1
1
1
1
1
1
1
1
1
1
1
1
1
1
1
1
1
1
1
1
1
1
1
1
1
1
1
1
1
1
1
1
1
1
36
36
36
38
21
21
40
40
40
42
42
44
45
45
45
47
49
49
49
52
54
54
56
56
56
36
36
36
38
21
21
40
40
40
42
42
44
45
45
45
47
49
49
49
52
54
54
54
32
32
38
38
39
39
39
41
42
42
42
44
45
45
45
47
47
49
51
51
53
53
53
56
58
58
58
1
1
1
1
1
1
1
1
1
1
1
1
1
1
1
1
1
1
1
1
1
1
1
1
1
1
1
1
1
1
1
1
1
1
1
1
1
1
1
1
1
1
1
1
1
1
1
1
1
1
1
1
1
1
1
1
1
1
1
1
1
1
1
1
1
1
1
1
1
1
1
1
1
1
1
1
1
1
1
1
1
1
1
1
1
1
1
1
1
1
1
1
1
1
1
1
1
1
1
1
18
19
19
20
20
21
22
22
23
23
24
24
25
25
25
27
28
28
28
31
33
33
34
34
34
1
1
1
1
1
1
1
1
1
1
1
1
1
1
1
1
1
1
1
1
1
1
1
1
1
17
18
18
18
18
19
19
20
21
21
22
22
23
23
23
25
26
26
26
28
28
30
32
32
32
1
1
1
1
1
1
1
1
1
1
1
1
1
1
1
1
1
1
1
1
1
1
1
1
1
17
18
18
19
19
19
19
20
20
21
22
22
22
24
25
25
26
26
26
28
29
29
29
31
31
1
1
1
1
1
1
1
1
1
1
1
1
1
1
1
1
1
1
1
1
1
1
1
1
1
17
18
18
19
19
19
19
20
20
21
22
22
23
23
24
24
24
26
27
27
27
29
29
1
1
1
1
1
1
1
1
1
1
1
1
1
1
1
1
1
1
1
1
1
1
1
1
1
1
1
18
18
18
1
1
1
1
1
1
1
1
1
1
1
1
1
1
1
1
1
1
1
1
1
1
1
1
1
1
1
1
1
1
1
1
1
1
1
1
1
1
1
1
1
1
1
1
1
1
1
1
1
1
1
1
1
1
1
1
1
1
1
1
1
1
1
1
1
1
1
1
1
1
1
1
1
1
1
1
1
1
1
1
1
1
1
1
1
1
1
1
1
1
1
1
1
1
1
1
1
1
1
1
1
1
1
1
1
1
1
1
1
1
1
1
1
1
1
1
1
1
1
1
1
1
1
1
1
1
1
1
1
1
1
1
1
1
1
1
1
1
1
1
1
1
1
1
1
1
1
1
1
1
1
1
1
1
1
1
1
1
1
1
1
1
1
1
1
1
1
1
1
1
1
1
1
1
1
1
1
1
1
1
1
1
1
1
1
1
1
1
1
1
1
1
1
1
1
1
1
1
1
19
19
19
1
1
1
21
21
21
22
22
23
23
24
25
25
26
26
27
27
27
1
1
1
1
19
19
19
1
1
1
21
21
21
22
22
23
23
24
25
25
26
26
27
27
27
1
1
19
19
19
20
20
21
21
21
21
22
22
23
23
24
24
25
26
26
27
27
28
28
29
29
29
19
1
1
1
21
21
21
1
1
1
1
1
1
1
1
1
1
1
1
1
1
1
1
1
1
20
20
20
21
21
22
22
23
23
23
23
24
24
25
25
26
27
27
28
28
28
29
31
31
31
1
1
1
1
1
1
1
1
1
1
1
1
1
1
1
1
1
1
1
1
1
1
1
1
1
1
1
1
1
1
1
1
1
1
1
1
1
1
1
1
1
1
1
1
1
1
1
1
1
1
1
1
1
1
1
1
1
1
1
1
1
1
1
1
1
1
1
1
1
1
1
1
1
1
1
1
1
1
1
1
1
1
1
1
1
1
1
1
1
1
1
1
1
1
1
1
1
1
1
1
1
1
1
1
1
1
1
1
1
1
1
1
1
1
1
1
1
1
1
1
1
1
1
1
1
1
1
1
1
1
1
1
1
1
1
1
1
1
1
1
1
1
1
1
1
1
1
1
1
1
1
1
1
1
1
1
1
1
1
1
1
1
1
1
1
1
1
1
1
1
1
1
1
1
1
1
1
1
1
1
1
1
1
1
1
1
1
1
1
1
1
1
1
1
1
1
1
1
1
1
1
1
1
1
1
1
1
1
1
1
1
1
1
1
1
1
1
1
1
1
1
1
1
1
1
1
1
1
1
1
1
1
1
1
1
1
1
1
1
1
1
1
1
1
1
1
1
1
1
1
1
1
1
1
1
1
1
1
1
1
1
1
1
1
1
1
1
1
1
1
1
1
1
1
1
1
1
1
1
1
1
1
1
1
1
1
1
1
1
1
1
1
1
1
1
1
1
1
1
1
1
1
1
1
1
1
1
1
1
1
1
1
1
1
1
1
1
1
1
1
1
1
1
1
1
1
1
1
1
1
1
1
1
1
1
1
1
1
1
1
1
1
1
1
1
1
1
1
1
1
1
1
1
1
1
1
1
1
1
1
1
1
1
1
1
1
1
1
1
1
1
1
1
1
1
1
1
1
1
1
1
1
1
1
1
1
1
1
1
1
1
1
1
1
1
1
1
1
1
1
1
1
1
1
1
1
1
1
1
1
1
1
1
1
1
1
1
1
1
1
1
1
1
1
1
1
1
1
1
1
1
1
1
1
1
1
1
1
1
1
1
1
1
1
1
1
1
1
1
1
1
1
1
1
1
1
1
1
1
1
1
1
1
1
1
1
1
1
1
1
1
1
1
1
1
1
1
1
1
1
1
1
1
1
1
1
1
1
1
1
1
1
1
1
1
1
1
1
1
1
1
1
1
1
1
1
1
1
1
1
1
1
1
1
1
1
1
1
1
1
1
1
1
1
1
1
1
1
1
1
1
1
1
1
1
1
1
1
1
1
1
1
1
1
1
1
1
1
1
1
1
1
1
1
1
1
1
1
1
1
1
1
1
1
1
1
1
1
1
1
1
1
1
1
1
1
1
1
1
1
1
1
1
1
1
1
1
1
1
1
1
1
1
1
1
1
1
1
1
1
1
1
1
1
1
1
1
1
1
1
1
1
1
1
1
1
1
1
1
1
1
1
1
1
1
1
1
1
1
1
1
1
1
1
1
1
1
1
1
1
1
1
1
1
1
1
1
1
1
1
0
0
0
0
0
0
0
0
0
0
0
0
0
0
0
0
0
0
0
0
0
0
0
0
0
0
0
0
0
0
0
0
0
0
0
0
0
0
0
0
0
170
286
286
170
170
170
170
170
170
170
170
170
170
170
170
170
170
170
170
170
170
170
170
170
170
170
286
286
170
170
170
170
170
170
170
170
170
170
170
170
170
170
170
170
170
170
170
170
170
170
177
177
177
296
296
177
177
177
177
177
177
177
177
177
177
177
177
177
177
177
177
177
177
177
177
177
177
177
296
296
398
398
177
177
177
177
177
177
177
177
177
177
177
177
177
177
177
177
177
177
225
225
225
306
306
398
398
152
152
152
152
152
152
152
152
152
152
152
152
152
152
152
152
152
152
102
132
185
185
398
398
398
398
398
181
181
181
181
181
181
181
181
181
181
181
181
181
181
181
181
152
183
233
233
233
316
316
398
398
134
134
134
134
134
134
134
134
134
134
134
134
134
134
134
134
87
107
107
138
193
193
398
398
398
399
399
183
183
183
183
183
183
183
183
183
183
183
183
183
183
134
158
191
191
242
242
242
326
326
399
399
151
151
151
151
151
151
151
151
151
151
151
151
151
151
183
206
206
234
234
271
271
320
399
399
399
399
399
171
171
171
171
171
171
171
171
171
171
171
171
151
170
194
194
194
226
271
271
271
335
335
399
399
141
141
141
141
141
141
141
141
141
141
141
141
70
81
96
96
117
117
117
151
210
210
399
399
399
399
399
176
176
176
176
176
176
176
176
176
176
141
157
157
177
177
202
202
235
235
281
346
346
346
399
399
187
187
187
187
187
187
187
187
187
187
65
74
74
85
85
101
123
123
123
158
158
220
399
399
399
399
399
168
168
168
168
168
168
168
168
187
167
220
220
240
240
240
264
264
293
293
298
373
373
373
399
399
190
190
190
190
190
190
190
190
182
182
182
198
198
217
239
239
239
267
267
166
342
342
399
399
399
395
395
174
174
174
174
174
174
147
159
159
174
174
191
211
211
211
236
236
268
308
308
308
361
361
395
395
157
157
157
157
157
157
58
64
72
72
72
82
94
94
94
112
136
136
175
175
175
241
395
395
395
399
399
138
138
138
138
157
168
168
181
196
196
196
213
213
233
256
256
256
285
321
321
321
364
364
399
399
187
187
187
187
128
128
128
139
139
152
167
167
167
186
186
209
237
237
237
288
324
324
396
396
396
399
399
195
195
187
198
210
210
210
223
237
237
237
254
254
272
272
293
293
317
346
346
346
378
378
399
399
195
195
175
185
185
196
209
209
209
223
239
239
239
256
256
277
277
300
300
306
342
342
399
399
399
399
399
201
201
211
211
211
223
223
236
250
250
250
266
266
283
283
303
324
324
324
351
351
379
379
399
399
190
190
190
200
200
211
224
224
224
237
253
253
253
269
269
288
288
310
336
336
336
363
398
398
398
1
1
1
1
1
1
1
1
1
1
1
1
1
1
1
1
1
1
1
1
1
1
1
1
1
1
1
1
1
1
85
85
85
85
85
85
85
85
85
85
85
85
85
85
85
85
85
85
85
85
1
1
1
1
1
188
188
1
1
1
1
1
1
1
1
1
1
1
1
1
1
1
1
1
1
1
1
1
1
188
188
188
73
73
73
73
73
73
73
73
73
73
73
73
73
73
73
73
73
73
1
1
1
1
1
1
1
188
188
1
1
1
1
1
1
1
1
1
1
1
1
1
1
1
1
134
134
161
161
199
199
188
188
188
104
104
104
104
104
104
104
104
104
104
104
104
104
104
104
104
1
1
1
1
1
1
1
1
1
252
252
131
131
131
131
131
131
131
131
131
131
131
131
131
131
119
119
138
138
138
166
205
205
205
252
252
95
95
95
95
95
95
95
95
95
95
95
95
95
95
1
1
1
1
1
1
1
1
1
1
1
187
187
122
122
122
122
122
122
122
122
122
122
122
122
95
108
123
123
143
143
171
171
171
212
212
187
187
89
89
89
89
89
89
89
89
89
89
89
89
1
1
1
1
1
1
1
1
1
1
1
1
1
285
285
133
133
133
133
133
133
133
133
133
133
99
99
99
112
127
127
127
148
177
177
177
218
218
285
285
148
148
148
148
148
148
148
148
148
148
1
1
1
1
1
1
1
1
1
1
1
1
1
1
1
251
251
127
127
127
127
127
127
127
127
160
160
160
174
190
190
190
209
209
232
260
260
260
295
295
251
251
104
104
104
104
104
104
104
104
127
138
150
150
164
164
164
181
181
202
228
228
228
259
302
302
302
301
301
122
122
122
122
122
122
104
113
123
123
135
135
149
149
149
167
167
189
218
218
218
255
255
301
301
149
149
149
149
149
149
1
1
1
1
1
1
1
1
1
1
1
1
1
1
1
1
323
323
323
250
250
133
133
133
133
100
108
117
117
117
128
140
140
140
155
173
173
173
196
196
224
263
263
263
250
250
144
144
144
144
47
47
47
52
57
57
57
64
72
72
237
237
237
96
116
116
116
144
323
323
323
301
301
164
164
115
123
123
132
141
141
141
153
166
166
181
181
234
234
234
221
248
248
248
282
282
301
301
164
164
42
46
50
50
54
54
54
60
60
67
67
76
86
86
86
101
121
121
121
150
150
323
323
323
323
120
120
128
128
137
137
137
146
146
201
201
215
230
230
230
248
248
268
291
291
291
319
319
323
323
138
146
154
154
154
1
174
174
132
132
198
198
198
213
213
230
193
193
272
272
272
298
322
322
322
132
132
139
139
139
148
157
157
157
168
180
180
180
194
209
209
209
227
249
249
249
273
304
304
304
128
135
135
143
151
151
160
160
170
170
170
182
182
195
195
210
226
226
226
246
246
269
296
296
296
1
1
1
1
1
1
1
1
1
1
1
1
1
1
1
1
1
1
1
1
1
1
1
1
1
1
1
1
1
1
1
1
1
1
56
56
56
56
56
56
56
56
56
56
56
56
56
56
56
56
1
1
1
1
1
1
1
1
1
1
1
1
1
1
1
1
1
1
1
1
1
1
1
1
1
1
1
1
1
1
1
122
122
122
121
121
50
50
50
50
50
50
50
50
50
50
50
50
50
50
1
1
1
1
1
1
1
1
1
121
121
1
1
1
1
1
1
1
1
1
1
1
1
1
1
84
95
107
107
107
124
124
147
121
121
121
1
1
46
46
46
46
46
46
46
46
46
46
46
46
1
1
1
1
1
1
1
1
1
1
1
1
1
102
102
102
102
102
102
102
102
102
102
102
102
78
87
97
97
110
110
127
127
127
150
120
120
120
180
180
73
73
73
73
73
73
73
73
73
73
112
112
123
123
123
138
155
155
155
178
178
208
208
180
180
96
96
96
96
96
96
96
96
96
96
80
80
80
89
89
100
113
113
131
131
131
154
119
119
119
215
215
69
69
69
69
69
69
69
69
96
105
115
115
126
126
126
141
159
159
181
181
181
211
211
215
215
91
91
91
91
91
91
91
91
69
76
83
83
83
92
92
103
116
116
134
134
134
158
119
119
119
215
215
66
66
66
66
66
66
1
1
1
1
1
1
1
1
1
1
1
1
1
1
1
1
1
215
215
88
88
88
88
88
88
66
72
78
78
78
86
95
95
106
106
106
120
138
138
138
162
215
215
215
215
215
118
118
118
118
1
1
1
1
1
1
1
1
1
1
1
1
1
1
1
1
1
1
1
215
215
101
101
101
101
69
69
74
74
74
81
81
89
98
98
98
110
124
124
142
142
166
166
166
215
215
119
119
115
115
1
1
1
1
157
157
157
1
1
1
1
1
1
1
1
1
1
1
247
247
247
119
119
126
126
122
122
129
129
129
138
138
148
159
159
159
172
172
185
203
203
223
223
223
248
248
119
119
137
137
104
104
104
111
111
119
127
127
127
137
148
148
148
161
161
177
196
196
196
218
218
1
1
255
255
85
85
85
91
97
97
97
104
113
113
122
122
133
133
146
146
146
163
163
182
206
206
206
255
255
133
1
147
147
155
155
155
164
174
174
174
185
197
197
197
1
226
226
244
244
244
264
279
279
279
79
127
133
133
133
141
101
101
101
158
168
168
127
127
127
192
192
207
224
224
224
242
211
211
211
33
113
38
38
126
126
126
44
44
142
52
52
57
57
63
63
71
71
71
80
92
92
92
242
242
117
117
123
123
123
130
137
137
137
146
155
155
165
165
176
176
176
189
203
203
203
220
220
240
240
115
121
127
127
168
168
168
176
149
149
149
158
167
167
167
178
190
190
190
204
204
220
241
241
241
0
0
0
0
0
0
0
0
0
0
0
0
0
0
0
0
0
0
0
0
0
0
0
0
0
41
46
46
53
61
61
61
72
87
87
87
41
41
41
41
41
41
41
41
41
41
41
41
41
41
41
46
46
53
61
61
61
72
87
87
87
86
86
41
41
41
41
41
41
41
41
41
41
41
41
42
42
53
53
61
61
61
72
72
73
86
86
86
38
38
38
38
38
38
38
38
38
38
38
38
42
42
47
47
47
54
62
62
62
73
73
87
87
85
85
66
66
66
66
66
66
66
66
66
66
72
72
72
80
89
89
89
101
115
115
115
134
85
85
85
36
36
36
36
36
36
36
36
36
36
39
39
39
44
49
49
55
55
55
64
74
74
138
138
138
62
62
62
62
62
62
62
62
62
62
62
68
74
74
74
82
91
91
102
102
102
117
136
136
136
138
138
34
34
34
34
34
34
34
34
89
89
89
97
97
106
116
116
116
129
145
145
145
164
138
138
138
79
79
79
79
79
79
79
79
59
64
69
69
69
76
83
83
83
93
105
105
105
119
139
139
139
137
137
95
95
95
95
95
95
85
85
91
91
91
99
108
108
118
118
118
131
131
147
166
166
137
137
137
75
75
75
75
75
75
95
102
109
109
117
117
117
127
138
138
138
151
167
167
167
185
86
86
86
137
137
54
54
54
54
75
81
86
86
86
93
93
101
110
110
110
121
121
134
149
149
169
169
169
137
137
73
73
73
73
54
58
62
62
62
67
67
73
73
80
88
88
97
97
97
110
124
124
124
196
196
137
137
88
88
77
77
77
83
89
89
89
96
96
104
113
113
113
124
137
137
137
152
152
82
137
137
137
113
113
56
56
56
60
64
64
69
69
69
75
75
82
90
90
90
100
112
112
112
127
214
214
214
194
194
71
119
119
126
133
133
141
141
141
150
150
160
171
171
183
183
198
198
198
215
214
214
214
194
194
54
54
54
58
62
62
62
67
72
72
78
78
85
85
93
93
103
103
103
115
115
131
85
85
85
109
115
121
121
121
128
135
135
143
143
143
152
152
162
173
173
185
185
200
200
200
216
212
212
212
50
53
56
56
56
60
64
64
64
69
69
134
81
81
88
88
96
96
96
107
119
119
119
133
133
86
86
86
91
96
96
96
102
108
108
115
115
115
123
123
132
142
142
142
154
167
167
167
184
184
69
114
77
77
125
125
125
86
91
91
91
98
104
104
104
112
112
121
121
132
144
144
158
158
158
30
32
32
34
36
36
38
38
38
41
44
44
47
47
51
51
51
56
56
62
62
69
77
77
77
101
106
111
111
116
116
116
122
128
128
128
136
143
143
143
152
161
161
161
172
172
184
200
200
200
104
109
114
114
119
119
119
125
125
132
138
138
138
146
154
154
154
164
174
174
185
185
198
198
198
1
1
1
1
1
1
1
1
1
1
1
1
1
1
1
1
1
1
1
1
1
1
1
1
1
1
1
1
1
1
1
1
1
1
1
1
1
1
1
1
33
33
33
33
33
33
33
33
33
33
1
1
1
1
1
1
1
1
1
1
1
1
1
1
1
1
1
1
1
1
1
1
1
1
1
36
36
36
40
44
44
44
50
57
57
66
66
66
67
67
31
31
31
31
31
31
31
31
31
31
1
1
1
1
1
1
1
1
1
1
1
1
1
1
1
67
67
1
1
1
1
1
1
1
1
33
33
33
37
40
40
40
45
50
50
57
57
57
67
67
67
67
29
29
29
29
29
29
29
29
1
1
1
1
1
1
1
1
1
1
1
1
1
1
110
110
110
66
66
1
1
1
1
1
1
29
55
34
34
37
37
37
41
41
77
85
85
58
58
58
68
68
66
66
28
28
28
28
28
28
1
1
1
1
1
1
1
1
1
1
1
1
1
1
1
1
111
111
111
66
66
1
1
1
1
30
30
30
56
60
60
65
65
65
71
71
78
86
86
86
96
66
66
66
66
66
82
82
82
82
1
1
1
1
1
1
1
1
1
1
1
1
1
1
1
1
1
1
110
110
110
66
66
1
1
86
86
86
92
98
98
104
104
104
112
112
121
121
131
143
143
156
156
66
66
66
66
66
78
78
1
1
1
1
1
1
1
1
1
1
1
1
1
1
1
1
1
1
1
1
109
109
109
139
139
78
83
87
87
87
93
99
99
99
106
113
113
113
122
122
132
144
144
157
157
65
65
65
139
139
1
1
1
1
1
1
1
1
1
1
1
1
1
1
1
1
1
1
1
1
185
185
185
108
108
80
80
84
84
84
89
94
94
94
101
107
107
107
115
115
124
133
133
133
145
145
159
65
65
65
63
63
63
1
1
1
75
75
80
80
80
86
92
92
99
99
107
107
117
117
128
128
182
182
182
74
46
48
48
48
51
54
54
97
97
97
62
62
67
72
72
78
78
78
86
86
94
104
104
104
62
62
65
65
65
69
73
73
73
78
83
83
88
88
88
95
102
102
102
111
120
120
120
132
132
91
91
91
49
100
100
105
105
105
58
117
117
117
124
124
132
140
140
140
150
150
92
101
101
101
75
79
79
83
87
87
87
92
97
97
102
102
108
108
108
115
115
123
131
131
131
141
152
152
152
65
65
68
68
68
72
72
76
80
80
80
85
90
90
90
96
102
102
102
110
118
118
130
130
130
28
28
29
29
29
31
31
33
35
35
37
37
37
40
42
42
42
46
49
49
49
54
59
59
59
92
96
96
101
105
105
105
110
115
115
115
121
127
127
127
134
141
141
141
153
162
162
162
169
169
82
86
86
1
108
108
98
98
98
103
108
108
108
1
120
120
120
1
134
134
134
160
160
170
170
1
1
1
1
1
1
1
1
1
1
1
1
1
1
1
1
1
1
1
1
1
1
1
1
1
1
1
1
1
1
1
1
1
1
1
1
1
1
1
1
1
1
27
27
27
27
27
27
27
27
1
1
1
1
1
1
1
1
1
1
1
1
1
1
1
1
1
1
1
1
1
1
1
1
1
29
29
29
32
32
35
38
38
42
42
47
47
53
53
53
56
56
1
1
26
26
26
26
26
26
1
1
1
1
1
1
1
1
1
1
1
1
1
1
1
1
1
1
1
1
1
1
1
1
1
26
28
30
30
32
32
32
35
38
38
42
42
47
47
53
53
53
54
54
1
1
24
24
24
24
1
1
1
1
1
1
1
1
1
1
1
1
1
1
1
1
93
93
93
1
1
1
1
1
1
24
26
26
28
30
30
32
32
32
35
35
39
43
43
47
47
47
54
54
53
53
1
1
23
23
1
1
1
1
1
1
1
1
1
1
1
1
1
1
1
1
1
1
92
92
92
1
1
42
42
23
25
25
27
28
28
30
30
30
33
33
36
39
39
43
43
43
48
48
89
53
53
53
89
89
1
1
1
1
1
1
1
1
1
1
1
1
1
1
1
1
1
1
1
1
90
90
90
89
89
24
24
24
79
27
27
27
29
31
31
31
34
34
108
40
40
44
44
44
49
49
53
53
53
53
1
1
1
1
1
1
1
1
1
1
1
1
1
1
1
1
1
1
1
1
1
1
90
90
90
22
72
25
25
25
80
28
28
28
30
30
95
101
101
101
108
108
116
125
125
125
135
52
52
52
1
1
1
1
1
1
1
1
1
1
1
1
1
1
1
1
1
1
1
1
1
1
1
1
1
69
69
69
73
73
77
81
81
85
85
90
90
90
96
102
102
102
109
109
117
126
126
136
136
136
1
1
1
1
1
1
1
1
1
1
1
1
1
1
1
1
1
1
1
1
1
1
1
1
1
84
84
84
88
92
92
92
97
97
102
107
107
107
113
119
119
126
126
126
134
134
143
143
153
153
1
1
1
1
1
1
1
1
1
1
1
1
1
1
1
1
1
1
1
1
1
1
1
1
1
40
42
44
44
46
46
46
49
51
51
51
54
54
58
61
61
61
66
70
70
70
76
76
109
109
1
1
1
1
1
1
1
1
1
1
1
1
1
1
1
1
1
1
1
1
1
1
1
1
1
59
59
59
62
62
65
68
68
71
71
71
75
79
79
79
84
89
89
94
94
100
100
100
107
107
25
25
26
26
26
1
29
29
30
30
30
32
32
34
36
36
36
39
39
1
44
44
44
48
48
86
47
93
93
93
97
101
101
101
56
110
110
110
83
121
121
127
127
127
73
73
78
148
148
148
92
92
92
96
99
99
99
104
108
108
108
113
118
118
123
123
123
129
135
135
135
142
149
149
149
0
0
0
0
0
0
0
0
0
0
0
0
0
0
0
0
0
0
0
0
0
0
0
0
0
23
23
23
23
23
23
23
23
33
33
36
36
36
40
44
44
44
23
23
23
23
23
23
23
23
23
25
25
27
29
29
31
31
33
33
36
36
36
40
44
44
44
46
46
44
44
23
23
23
23
23
25
25
27
29
29
31
31
33
33
36
36
36
40
44
44
44
46
46
44
44
22
22
22
22
23
23
23
25
25
27
28
28
28
31
33
33
33
36
36
40
44
44
44
45
45
44
44
40
40
23
23
23
25
25
27
28
28
28
31
33
33
33
36
36
40
44
44
44
45
45
44
44
21
21
40
22
45
45
45
48
48
27
55
55
59
59
59
64
64
36
36
40
44
44
77
77
77
43
43
22
22
22
24
25
25
25
27
27
29
31
31
33
33
33
36
36
40
44
44
44
44
44
43
43
40
40
40
59
45
45
45
48
51
51
51
75
59
59
59
86
93
93
100
100
78
78
78
76
76
21
21
22
22
22
24
25
25
25
27
27
29
31
31
31
34
37
37
40
40
44
44
44
44
44
53
53
53
56
43
43
43
62
62
66
70
70
74
74
79
79
79
85
92
92
99
99
76
76
76
21
21
22
22
23
23
24
24
24
26
27
27
27
29
29
32
34
34
37
37
37
41
43
43
43
51
51
53
53
53
56
59
59
59
63
66
66
70
70
70
75
75
80
85
85
85
92
99
99
99
19
20
21
21
22
22
22
75
25
25
26
26
26
28
28
30
32
32
32
35
35
38
41
41
41
49
52
54
54
54
57
57
60
63
63
66
66
66
70
70
75
79
79
79
85
91
91
101
101
101
37
37
37
39
39
41
43
43
45
45
45
48
48
51
54
54
57
57
57
61
61
66
71
71
71
52
52
52
55
57
57
57
60
63
63
63
67
70
70
74
74
74
79
84
84
89
89
89
96
96
36
38
39
39
39
41
43
43
43
46
48
48
48
51
54
54
57
57
57
61
65
65
70
70
70
67
67
67
70
73
73
76
76
76
80
80
84
88
88
92
92
92
97
97
103
109
109
115
115
115
37
54
40
40
40
42
44
44
44
64
49
49
49
71
74
74
78
78
61
61
61
65
65
94
94
21
22
22
23
24
24
25
25
26
26
26
28
29
29
29
31
31
33
35
35
37
37
39
39
39
69
69
69
72
72
75
78
78
81
81
81
85
85
89
93
93
93
98
103
103
108
108
108
114
114
22
23
24
24
25
25
26
26
27
27
27
29
30
30
30
32
33
33
33
35
35
38
40
40
40
71
43
44
44
44
46
48
48
50
50
50
53
55
55
55
58
58
61
106
106
106
68
42
42
42
28
77
80
80
67
67
67
70
89
89
89
76
76
97
83
83
105
105
105
110
115
115
115
121
121
0
0
0
0
0
0
0
0
0
0
0
0
0
0
0
0
0
0
0
0
0
0
0
0
0
21
21
21
21
21
21
26
26
26
21
30
30
30
21
21
21
21
21
21
21
21
21
21
21
21
22
22
23
23
23
25
26
26
26
28
30
30
30
33
36
36
39
39
42
42
42
38
38
21
21
22
22
23
23
23
25
26
26
26
28
30
30
30
33
36
36
39
39
42
42
42
38
38
19
19
20
20
20
22
23
23
24
24
24
26
26
28
30
30
32
32
32
35
38
38
38
39
39
37
37
20
20
20
22
23
23
24
24
24
26
26
28
30
30
32
32
32
35
38
38
38
39
39
37
37
36
38
40
40
42
42
42
23
47
47
50
50
50
54
54
30
32
32
34
34
71
71
71
67
67
19
19
20
20
20
22
23
23
24
24
24
26
26
28
30
30
32
32
34
34
34
38
38
38
38
35
35
35
37
39
39
39
59
44
44
44
47
47
69
53
53
53
78
61
61
61
66
66
68
68
18
19
19
20
21
21
22
22
23
23
24
24
24
26
26
28
30
30
32
32
32
35
38
38
38
32
34
34
51
37
37
37
39
39
59
44
44
44
66
66
70
53
53
53
79
61
61
61
90
90
18
19
19
19
19
20
21
21
21
23
24
24
25
25
25
27
27
29
31
31
33
33
33
36
36
49
49
49
52
54
54
54
57
59
59
59
63
66
66
66
70
74
74
78
78
83
83
83
89
89
19
19
19
20
20
21
22
22
23
23
23
44
46
46
46
49
29
29
29
31
31
59
63
63
63
50
50
52
52
54
54
54
57
59
59
59
62
65
65
65
69
69
73
77
77
77
82
87
87
87
33
35
36
36
36
38
38
40
40
42
44
44
46
46
46
49
51
51
54
54
54
58
58
62
62
19
19
19
20
20
21
21
22
23
23
24
24
25
25
25
27
28
28
28
30
30
32
34
34
34
35
35
35
37
38
38
38
40
40
42
44
44
46
46
46
49
51
51
55
55
59
59
59
61
61
19
20
20
21
21
21
21
22
23
23
23
25
26
26
27
27
27
29
30
30
30
32
34
34
34
49
51
53
53
55
55
57
57
57
60
62
62
62
65
68
68
68
72
75
75
75
79
79
84
84
19
20
20
21
21
22
22
23
24
24
25
25
25
26
28
28
29
29
29
31
32
32
32
34
34
20
21
21
22
22
23
23
24
25
25
26
26
27
27
28
28
28
30
31
31
31
33
33
35
35
20
21
21
22
22
23
23
24
25
25
26
26
27
27
28
28
28
30
31
31
31
33
33
35
35
53
55
55
57
59
59
61
61
61
46
66
66
66
69
69
72
75
75
75
79
82
82
82
86
86
57
59
61
61
63
63
65
65
65
68
70
70
70
73
76
76
79
79
79
83
86
86
90
90
90
1
1
1
1
1
1
1
1
1
1
1
1
1
1
1
1
1
1
1
1
1
1
1
1
1
1
1
1
1
1
1
1
1
1
1
1
1
1
1
1
1
1
1
1
1
1
1
1
1
1
1
1
1
1
1
1
1
1
1
1
1
1
1
1
1
1
1
1
1
1
1
1
1
1
1
19
20
21
21
22
22
23
23
23
25
26
26
26
28
28
30
32
32
32
35
35
37
37
34
34
1
1
1
1
1
1
1
1
1
1
1
1
1
1
1
1
1
1
1
1
1
1
1
1
1
18
18
18
19
20
20
21
21
21
23
24
24
25
25
25
27
27
29
31
31
31
34
34
35
35
33
35
36
36
36
38
40
40
42
42
42
45
47
47
47
50
53
53
57
57
57
62
62
65
65
17
17
17
18
18
19
19
20
21
21
22
22
22
24
25
25
25
27
27
29
31
31
33
33
33
33
33
33
1
36
36
36
38
38
40
42
42
44
44
44
47
47
50
53
53
53
57
61
61
61
17
18
18
18
18
19
19
20
21
21
22
22
22
24
25
25
25
27
28
28
28
30
34
34
34
1
1
1
1
1
1
1
1
1
1
1
1
1
1
1
1
1
1
1
1
1
1
1
1
1
17
18
18
19
19
36
36
38
38
40
40
42
24
24
25
25
25
49
28
28
28
30
32
32
32
1
1
1
1
1
1
1
1
1
1
1
1
1
1
1
1
1
1
1
1
1
1
1
1
1
33
33
33
35
36
36
36
38
38
40
40
42
44
44
46
46
48
48
48
51
51
54
57
57
57
1
1
1
1
1
1
1
1
1
1
1
1
1
1
1
1
1
1
1
1
1
1
1
1
1
32
34
35
35
36
36
36
38
38
40
41
41
41
43
43
46
48
48
50
50
50
53
56
56
56
1
1
1
1
1
1
1
1
1
1
1
1
1
1
1
1
1
1
1
1
1
1
1
1
1
33
1
1
1
37
37
37
1
1
1
42
42
42
1
1
1
1
1
1
1
1
1
1
1
1
1
1
1
1
1
1
1
1
1
1
1
1
1
1
1
1
1
1
1
1
1
1
1
1
1
1
1
1
1
1
1
1
1
1
1
1
1
1
1
1
1
1
1
1
1
1
1
1
1
1
1
1
1
1
1
1
1
1
1
1
1
1
1
1
1
1
1
1
1
1
1
1
1
1
1
36
36
37
37
37
21
40
40
40
42
42
44
45
45
45
47
49
49
51
51
51
54
56
56
56
36
36
36
21
21
21
40
40
40
42
42
44
45
45
45
47
49
49
49
28
28
54
31
31
31
38
38
39
39
40
40
40
42
42
44
45
45
45
47
47
49
51
51
53
53
55
55
55
58
58
1
1
1
1
1
1
1
1
1
1
1
1
1
1
1
1
1
1
1
1
1
1
1
1
1
1
1
1
1
1
1
1
1
1
1
1
1
1
1
1
1
1
1
1
1
1
1
1
1
1
1
1
1
1
1
1
1
1
1
1
1
1
1
1
1
1
1
1
1
1
1
1
1
1
1
1
1
1
1
1
1
1
1
1
1
1
1
1
1
1
1
1
1
1
1
1
1
1
1
1
18
19
19
19
19
20
21
21
21
23
24
24
25
25
25
27
28
28
28
31
33
33
34
34
34
1
1
1
1
1
1
1
1
1
1
1
1
1
1
1
1
1
1
1
1
1
1
1
1
1
17
18
18
18
18
19
19
20
21
21
22
22
23
23
23
25
26
26
26
28
28
30
32
32
32
1
1
1
1
1
1
1
1
1
1
1
1
1
1
1
1
1
1
1
1
1
1
1
1
1
17
18
18
19
19
19
19
20
20
21
22
22
23
23
23
25
26
26
26
28
29
29
29
31
31
1
1
1
1
1
1
1
1
1
1
1
1
1
1
1
1
1
1
1
1
1
1
1
1
1
17
18
18
1
19
19
19
20
20
21
22
22
23
23
24
24
24
26
27
27
27
29
29
1
1
1
1
1
1
1
1
1
1
1
1
1
1
1
1
1
1
1
1
1
1
1
1
1
1
1
18
18
18
1
1
1
1
1
1
1
1
1
1
1
1
1
1
1
1
1
1
1
1
1
1
1
1
1
1
1
1
1
1
1
1
1
1
1
1
1
1
1
1
1
1
1
1
1
1
1
1
1
1
1
1
1
1
1
1
1
1
1
1
1
1
1
1
1
1
1
1
1
1
1
1
1
1
1
1
1
1
1
1
1
1
1
1
1
1
1
1
1
1
1
1
1
1
1
1
1
1
1
1
1
1
1
1
1
1
1
1
1
1
1
1
1
1
1
1
1
1
1
1
1
1
1
1
1
1
1
1
1
1
1
1
1
1
1
1
1
1
1
1
1
1
1
1
1
1
1
1
1
1
1
1
1
1
1
1
1
1
1
1
1
1
1
1
1
1
1
1
1
1
1
1
1
1
1
1
1
1
1
1
1
1
1
1
1
1
1
1
1
1
1
1
1
1
1
1
1
1
1
19
19
19
1
1
1
21
21
21
22
22
23
23
24
25
25
26
26
27
27
28
28
28
1
1
19
19
19
1
1
1
21
21
21
22
22
23
23
24
25
25
26
26
27
27
28
28
28
19
19
19
20
20
21
21
21
21
22
22
23
23
24
24
25
26
26
27
27
28
28
29
29
29
19
1
1
1
21
21
21
1
1
1
1
1
1
1
1
1
1
1
1
1
1
1
1
1
1
20
20
20
21
21
22
22
22
22
23
23
24
24
25
25
26
27
27
28
28
28
29
31
31
31
1
1
1
1
1
1
1
1
1
1
1
1
1
1
1
1
1
1
1
1
1
1
1
1
1
1
1
1
1
1
1
1
1
1
1
1
1
1
1
1
1
1
1
1
1
1
1
1
1
1
1
1
1
1
1
1
1
1
1
1
1
1
1
1
1
1
1
1
1
1
1
1
1
1
1
1
1
1
1
1
1
1
1
1
1
1
1
1
1
1
1
1
1
1
1
1
1
1
1
1
1
1
1
1
1
1
1
1
1
1
1
1
1
1
1
1
1
1
1
1
1
1
1
1
1
1
1
1
1
1
1
1
1
1
1
1
1
1
1
1
1
1
1
1
1
1
1
1
1
1
1
1
1
1
1
1
1
1
1
1
1
1
1
1
1
1
1
1
1
1
1
1
1
1
1
1
1
1
1
1
1
1
1
1
1
1
1
1
1
1
1
1
1
1
1
1
1
1
1
1
1
1
1
1
1
1
1
1
1
1
1
1
1
1
1
1
1
1
1
1
1
1
1
1
1
1
1
1
1
1
1
1
1
1
1
1
1
1
1
1
1
1
1
1
1
1
1
1
1
1
1
1
1
1
1
1
1
1
1
1
1
1
1
1
1
1
1
1
1
1
1
1
1
1
1
1
1
1
1
1
1
1
1
1
1
1
1
1
1
1
1
1
1
1
1
1
1
1
1
1
1
1
1
1
1
1
1
1
1
1
1
1
1
1
1
1
1
1
1
1
1
1
1
1
1
1
1
1
1
1
1
1
1
1
1
1
1
1
1
1
1
1
1
1
1
1
1
1
1
1
1
1
1
1
1
1
1
1
1
1
1
1
1
1
1
1
1
1
1
1
1
1
1
1
1
1
1
1
1
1
1
1
1
1
1
1
1
1
1
1
1
1
1
1
1
1
1
1
1
1
1
1
1
1
1
1
1
1
1
1
1
1
1
1
1
1
1
1
1
1
1
1
1
1
1
1
1
1
1
1
1
1
1
1
1
1
1
1
1
1
1
1
1
1
1
1
1
1
1
1
1
1
1
1
1
1
1
1
1
1
1
1
1
1
1
1
1
1
1
1
1
1
1
1
1
1
1
1
1
1
1
1
1
1
1
1
1
1
1
1
1
1
1
1
1
1
1
1
1
1
1
1
1
1
1
1
1
1
1
1
1
1
1
1
1
1
1
1
1
1
1
1
1
1
1
1
1
1
1
1
1
1
1
1
1
1
1
1
1
1
1
1
1
1
1
1
1
1
1
1
1
1
1
1
1
1
1
1
1
1
1
1
1
1
1
1
1
1
1
1
1
1
1
1
1
1
1
1
1
1
1
1
1
1
1
1
1
1
1
1
1
1
1
1
1
1
1
1
1
1
1
1
1
1
1
1
1
1
1
1
1
1
1
1
1
1
1
1
1
1
1
1
1
1
1
1
1
1
1
1
1
1
1
1
1
1
1
1
1
1
1
1
1
1
1
1
1
1
1
1