0,0
0.019647,0
0.039202,0
0.060285,0
0.079643,0
0.099189,0
0.120147,0
0.141222,0
0.160149,0
0.181119,0
0.201646,0
0.22204,0
0.242262,0
0.261642,0
0.281137,0
0.302157,0
0.321766,0
0.34114,0
0.362142,0
0.383162,0
0.401134,0
0.422204,20
0.443228,20
0.461202,20
0.483721,20
0.501714,20
0.523462,20
0.543844,20
0.564517,20
0.5837,20
0.603232,20
0.624352,20
0.645272,20
0.663132,20
0.684165,20
0.705138,20
0.723131,20
0.74573,20
0.765233,20
0.786188,20
0.805737,16.223843
0.825188,5.634129
0.846201,-4.615749
0.865722,-13.717945
0.885229,-21.326855
0.906209,-27.336136
0.925721,-30
0.945952,-30
0.966325,-30
0.985299,-30
1.00774,-30
1.027232,-28.27216
1.048186,-24.533199
1.067729,-19.967606
1.087252,-15.045929
1.10835,-10.296989
1.127728,-5.608192
1.148443,-1.633087
1.169296,2.023327
1.188436,3.95015
1.207548,5.32835
1.22975,5.533901
1.249312,4.763298
1.267232,3.327133
1.289809,0.786377
1.309122,-1.892857
1.32976,-4.904366
1.350186,-7.922359
1.369735,-10.706001
1.389179,-13.154858
1.41018,-15.310768
1.431183,-16.941177
1.449117,-17.859528
1.469772,-18.43795
1.491727,-18.441895
1.511174,-17.95134
1.532209,-17.260139
1.551734,-16.185841
1.571335,-14.956802
1.592205,-13.745461
1.611731,-12.426033
1.631177,-11.174278
1.65187,-10.166328
1.672212,-9.320129
1.692428,-8.690323
1.713292,-8.195114
1.731182,-8.062096
1.753709,-8.179451
1.773183,-8.411835
1.794244,-8.863708
1.813701,-9.309395
1.833169,-9.789368
1.854325,-10.349068
1.873717,-10.751335
1.893299,-11.078209
1.914375,-11.37001
1.935176,-11.422012
1.953165,-11.404335
1.974339,-11.286331
1.995169,-11.0252
2.013341,-10.753944
2.035758,-10.361816
2.055166,-9.917542
2.075831,-9.520676
2.096539,-9.123474
2.115683,-8.674805
2.13517,-8.278069
2.156263,-7.997902
2.176478,-7.722481
2.195231,-7.512451
2.217233,-7.763519
2.235416,-7.984795
2.256179,-8.238586
2.277267,-8.36866
2.295465,-8.508316
2.317683,-8.483452
2.337243,-8.383453
2.358181,-8.270294
2.377444,-8.003609
2.397756,-7.731903
2.417315,-7.376091
2.438298,-7.062836
2.459159,-6.611343
2.477153,-6.287285
2.499677,-5.930969
2.517194,-5.635025
2.537724,-5.377312
2.559666,-5.115685
2.57916,-4.906593
2.600182,-4.790977
2.619665,-4.658882
2.639273,-4.566162
2.660155,-4.537941
2.679666,-4.473831
2.69937,-4.455574
2.721448,-4.430984
2.74016,-4.425728
2.760401,-4.390396
2.781102,-4.30117
2.799153,-4.242012
2.821664,-4.161156
2.841159,-4.047417
2.862166,-3.953384
2.881664,-3.816925
2.90123,-3.672035
2.921739,-3.542595
2.942303,-3.40918
2.963146,-3.236862
2.981293,-3.119156
3.00235,-3.005333
3.023141,-2.861122
3.041213,-2.768646
3.063667,-2.670822
3.083381,-2.588531
3.104184,-2.528267
3.123738,-2.465698
3.144526,-2.424141
3.163251,-2.366005
3.183971,-2.333237
3.203262,-2.29258
3.224323,-2.269722
3.245165,-2.226959
3.263139,-2.19735
3.285739,-2.167625
3.303415,-2.134041
3.32511,-2.097225
3.346256,-2.067757
3.365767,-2.028484
3.385223,-1.98785
3.406259,-1.95895
3.425718,-1.92263
3.445257,-1.885513
3.466207,-1.861874
3.485247,-1.830784
3.507371,-1.805077
3.525238,-1.788105
3.547729,-1.772758
3.567132,-1.75589
3.588325,-1.754269
3.607402,-1.746761
3.628145,-1.748444
3.647707,-1.750546
3.667145,-1.754112
3.688236,-1.765228
3.70917,-1.771866
3.727202,-1.782715
3.748143,-1.795704
3.769089,-1.807381
3.789799,-1.821976
3.808388,-1.839703
3.82913,-1.851906
3.850153,-1.873077
3.869675,-1.885174
3.889086,-1.901134
3.90995,-1.920712
3.92911,-1.943172
3.950194,-1.976311
3.969654,-2.006294
3.990262,-2.045795
4.009402,-2.083286
4.030137,-2.1259
4.051125,-2.169075
4.0691,-2.208702
4.09166,-2.256508
4.111119,-2.296646
4.1322,-2.345886
4.15139,-2.384003
4.171646,-2.422695
4.19124,-2.460743
4.212167,-2.504925
4.233096,-2.537354
4.25115,-2.571461
4.272132,-2.613579
4.293175,-2.646111
4.313744,-2.683987
4.331194,-2.710972
4.353796,-2.752083
4.373168,-2.783836
4.394275,-2.827312
4.413671,-2.861191
4.434398,-2.901928
4.453101,-2.928246
4.47432,-2.975471
4.493655,-3.009308
4.513084,-3.04121
4.534184,-3.08849
4.555152,-3.121609
4.573146,-3.157295
4.593637,-3.19651
4.615242,-3.237389
4.635654,-3.276176
4.656057,-3.315468
4.675115,-3.34079
4.696269,-3.386375
4.715637,-3.416615
4.735113,-3.448032
4.756221,-3.489948
4.777297,-3.514965
4.795133,-3.544632
4.817586,-3.581825
4.83625,-3.614841
4.85529,-3.636158
4.877136,-3.670666
4.897634,-3.700603
4.917194,-3.728188
4.938142,-3.76487
4.957512,-3.787514
4.977907,-3.819424
4.998132,-3.849499
5.019109,-3.870029
5.037109,-3.894829
5.058269,-3.932091
5.079115,-3.950726
5.097108,-3.974812
5.119759,-4.008751
5.13924,-4.028511
5.15996,-4.058788
5.179106,-4.076927
5.200234,-4.110577
5.219772,-4.128334
5.239112,-4.146023
5.260138,-4.174751
5.281154,-4.190792
5.299118,-4.207813
5.320136,-4.237883
5.341085,-4.256372
5.365069,-4.269987
5.386249,-4.298197
5.405366,-4.306786
5.42562,-4.331383
5.446129,-4.350666
5.467118,-4.36207
5.485204,-4.376499
5.507732,-4.396576
5.527101,-4.406006
5.54812,-4.432749
5.567187,-4.439238
5.587761,-4.456766
5.608008,-4.472132
5.628248,-4.488932
5.647279,-4.495121
5.66905,-4.509109
5.688019,-4.526545
5.708382,-4.544123
5.729167,-4.549818
5.747095,-4.558521
5.769619,-4.576632
5.790124,-4.591311
5.809044,-4.595438
5.829602,-4.611237
5.849866,-4.623629
5.869062,-4.628454
5.890264,-4.649073
5.911128,-4.655491
5.929227,-4.664722
5.950126,-4.680891
5.96913,-4.686714
5.989734,-4.703211
6.011156,-4.708567
6.031619,-4.722055
6.051988,-4.73454
6.071153,-4.737146
6.092174,-4.752619
6.111722,-4.759468
6.131242,-4.766181
6.152225,-4.778751
6.173147,-4.782414
6.192272,-4.795357
6.213196,-4.797745
6.233565,-4.80766
6.253836,-4.815559
6.273143,-4.8183
6.291073,-4.832524
6.313758,-4.835722
6.333148,-4.83984
6.354147,-4.853482
6.373615,-4.857843
6.393272,-4.85964
6.414145,-4.871405
6.433305,-4.876339
6.453818,-4.882228
6.47517,-4.887702
6.494232,-4.901381
6.51307,-4.902873
6.533469,-4.907269
6.555181,-4.916623
6.576103,-4.925581
6.595724,-4.929523
6.616175,-4.940872
6.636358,-4.94737
6.655221,-4.949778
6.677087,-4.954825
6.695287,-4.959584
6.716103,-4.9715
6.735332,-4.97379
6.757048,-4.979197
6.777562,-4.987742
6.797846,-4.997358
6.818238,-5.006615
6.83703,-5.014415
6.857475,-5.027796
6.877916,-5.034358
6.898093,-5.027574
6.917259,-5.011979
6.939076,-5.004982
6.957205,-5.03302
6.97818,-5.122257
6.999057,-5.309653
7.017189,-5.568691
7.039771,-6.030312
7.059136,-6.58439
7.080091,-7.270971
7.099724,-8.057669
7.120235,-8.923716
7.140299,-9.825244
7.159176,-10.714924
7.180249,-11.570216
7.201153,-12.387331
7.219293,-12.961372
7.241596,-13.509297
7.261299,-13.836606
7.279058,-14.003584
7.301505,-14.045767
7.321765,-13.943312
7.342258,-13.719919
7.361123,-13.377797
7.381544,-12.985513
7.401893,-12.548163
7.422096,-12.088353
7.441117,-11.617954
7.462102,-11.203766
7.48307,-10.767669
7.501034,-10.474741
7.5221,-10.23348
7.543206,-10.022222
7.561198,-9.925787
7.583704,-9.895081
7.60396,-9.926792
7.624284,-10.020199
7.643223,-10.139264
7.663981,-10.308331
7.684402,-10.499088
7.703591,-10.695001
7.724264,-10.872698
7.743238,-11.036675
7.765355,-11.203003
7.785447,-11.328197
7.805728,-11.41629
7.826098,-11.472008
7.845137,-11.479249
7.866205,-11.473436
7.885594,-11.421577
7.905024,-11.337831
7.925774,-11.254283
7.946082,-11.147156
7.965573,-11.020976
7.987147,-10.883542
8.006317,-10.790435
8.025036,-10.665139
8.045518,-10.565372
8.067122,-10.46719
8.087583,-10.398096
8.107975,-10.344433
8.128202,-10.303787
8.147237,-10.265236
8.167703,-10.256913
8.187994,-10.254944
8.207026,-10.246683
8.228307,-10.266827
8.249195,-10.271811
8.267141,-10.280974
8.289614,-10.295361
8.309099,-10.293747
8.329712,-10.299025
8.350068,-10.296352
8.369343,-10.273891
8.389581,-10.254841
8.409873,-10.228778
8.430226,-10.197174
8.448999,-10.144091
8.469436,-10.103939
8.491232,-10.050791
8.51008,-10.013769
8.529177,-9.956533
8.551701,-9.907127
8.571024,-9.853525
8.589012,-9.813299
8.611568,-9.772207
8.631292,-9.732255
8.652127,-9.700977
8.671575,-9.663957
8.691195,-9.633017
8.712067,-9.615595
8.733011,-9.577229
8.751151,-9.558977
8.772077,-9.543694
8.793139,-9.511049
8.811015,-9.491949
8.833569,-9.471983
8.853009,-9.443779
8.874154,-9.430798
8.893615,-9.400051
8.913012,-9.369783
8.934112,0
8.953115,0
8.973601,0
8.993787,0
9.014235,0
9.033005,0
9.053428,0
9.075223,0
9.095844,0
9.116016,0
9.135161,0
9.156165,0
9.175556,0
9.195006,0
9.215949,0
9.236191,0
9.255136,0
9.276055,0
9.297129,0
9.315033,0
9.337422,0
9.355071,0
9.377113,0
9.397432,0
9.417695,0
9.438065,0
9.45698,0
9.477429,0
9.497692,0
9.518056,0
9.537234,0
9.557548,0
9.57909,0
9.599573,0
9.619987,0
9.637608,0
9.659133,0
9.679558,0
9.69993,0
9.720169,0
9.739352,0
9.760228,0
9.781006,0
9.799034,0
9.820193,0
9.841134,0
9.859138,0
9.881639,0
9.901238,0
9.922108,0
9.941455,0
9.961713,0
9.982274,0
10.001078,0
10.021551,0
10.042051,0
10.061562,0
10.083282,0
10.102047,0
10.121096,0
10.141548,0
10.163085,0
10.183553,0
10.203918,0
10.224195,0
10.243185,0
10.264975,0
10.284066,0
10.304984,0
10.323044,0
10.345667,0
10.363182,0
10.385535,0
10.403143,0
10.425745,0
10.446136,0
10.465177,0
10.485595,0
10.528036,0
10.548185,0
10.56708,0
10.587554,0
10.607035,0
10.627917,0
10.648168,0
10.667205,0
10.688983,-30
10.709466,-30
10.729786,-30
10.747078,-30
10.769054,-30
10.790049,-30
10.809449,-30
10.829682,-30
10.850027,-30
10.86896,-30
10.889518,-30
10.911113,-30
10.930099,-30
10.950995,-30
10.969156,-30
10.991206,-30
11.011531,-30
11.031905,-25.089172
11.052155,-16.319239
11.071065,-8.062545
11.091543,-0.927014
11.111917,4.811172
11.132142,8.895339
11.15132,11.209251
11.172029,11.90705
11.192971,10.959269
11.211065,9.158834
11.233534,5.981699
11.253033,2.422179
11.274023,-1.339011
11.29354,-5.183985
11.314351,-8.686413
11.333029,-11.76522
11.353392,-14.113964
11.373785,-15.761526
11.394078,-16.67477
11.412944,-16.901693
11.435034,-16.368889
11.455523,-15.302786
11.473022,-13.97001
11.495264,-11.93102
11.51602,-9.828674
11.535567,-7.661443
11.555908,-5.506081
11.576153,-3.481271
11.59533,-1.702995
11.616949,-0.059728
11.635921,1.010256
11.656238,1.824639
11.676962,2.228043
11.695072,2.26438
11.717545,1.935947
11.736973,1.280576
11.754951,0.427989
11.777385,-0.679599
11.797667,-1.88664
11.818031,-3.149076
11.837061,-4.447754
11.857393,-5.641494
11.8791,-6.845439
11.89818,-7.660892
11.917062,-8.448821
11.937535,-9.011558
11.959059,-9.428368
11.979516,-9.588552
11.999892,-9.572842
12.020139,-9.406261
12.039074,-9.117437
12.060271,-8.692041
12.079518,-8.204636
12.100143,-7.659459
12.119535,-7.057312
12.140133,-6.55883
12.159277,-6.064438
12.180939,-5.589688
12.201388,-5.23198
12.221655,-4.964758
12.23932,-4.813838
12.261054,-4.735107
12.282235,-4.74486
12.300939,-4.859183
12.321372,-5.02566
12.341651,-5.243995
12.362019,-5.501197
12.381089,-5.793703
12.401462,-6.078589
12.423152,-6.386391
12.442064,-6.611195
12.460937,-6.843767
12.482943,-7.05135
12.500952,-7.186173
12.523592,-7.290054
12.544153,-7.349036
12.563274,-7.375838
12.583539,-7.366292
12.603947,-7.333879
12.624318,-7.287735
12.643048,-7.232146
12.665101,-7.163503
12.683191,-7.11453
12.705099,-7.058735
12.723036,-7.023598
12.745609,-6.994581
12.764941,-6.984973
12.78616,-6.983626
12.805673,-6.990021
12.824935,-7.002177
12.84618,-7.014893
12.86536,-7.018879
12.885638,-7.015752
12.906008,-6.991508
12.92505,-6.94696
12.945485,-6.883233
12.967035,-6.780032
12.987503,-6.659317
13.007871,-6.512495
13.027088,-6.342558
13.048036,-6.156137
13.06752,-5.953531
13.086969,-5.738882
13.107867,-5.520586
13.128111,-5.302536
13.147135,-5.091757
13.168962,-4.875269
13.188002,-4.714686
13.208096,-4.553761
13.22702,-4.411842
13.24891,-4.289929
13.269347,-4.203027
13.289993,-4.139892
13.309497,-4.101386
13.329033,-4.07957
13.349984,-4.076039
13.369526,-4.08532
13.389188,-4.102853
13.409994,-4.122542
13.429432,-4.149025
13.451501,-4.175355
13.468911,-4.196718
13.489354,-4.210269
13.511062,-4.225935
13.531488,-4.230602
13.551858,-4.22883
13.572099,-4.22249
13.591132,-4.212341
13.612037,-4.199226
13.632944,-4.181596
13.652362,-4.164441
13.672925,-4.147648
13.690997,-4.131948
13.713356,-4.120856
13.733624,-4.110082
13.753985,-4.104856
13.773005,-4.102166
13.794085,-4.101918
13.813584,-4.106427
13.832918,-4.113597
13.853986,-4.123137
13.873024,-4.13922
13.893431,-4.150609
13.91514,-4.167461
13.935474,-4.18066
13.952903,-4.194578
13.973491,-4.207818
13.995229,-4.222084
14.012917,-4.23097
14.035476,-4.239954
14.05585,-4.24823
14.076092,-4.255701
14.095187,-4.260565
14.115972,-4.264902
14.136966,-4.270597
14.154904,-4.274892
14.176898,-4.277712
14.19749,-4.281158
14.217606,-4.285281
14.235007,-4.288578
14.257015,-4.293743
14.2776,-4.299589
14.297238,-4.303989
14.3181,-4.309562
14.337328,-4.317434
14.357651,-4.323898
14.377958,-4.333605
14.397073,-4.340032
14.417335,-4.346877
14.439362,-4.356603
14.459487,-4.365109
14.476908,-4.369766
14.497459,-4.379601
14.51952,-4.386536
14.537325,-4.394349
14.559462,-4.397535
14.580087,-4.406353
14.599121,-4.411098
14.61949,-4.415264
14.639832,-4.423095
14.660072,-4.426721
14.679012,-4.430445
14.700888,-4.434612
14.721317,-4.440054
14.739006,-4.442746
14.761511,-4.449327
14.781125,-4.454527
14.801703,-4.456814
14.821953,-4.462855
14.841022,-4.467705
14.861438,-4.46928
14.882991,-4.475825
14.902204,-4.478336
14.921069,-4.485515
14.941314,-4.4875
14.963166,-4.493474
14.981019,-4.495619
15.00358,-4.499596
15.022897,-4.503546
15.043867,-4.507504
15.064206,-4.508474
15.083087,-4.51426
15.10345,-4.513851
15.124098,-4.5169
15.14309,-4.520493
15.164875,-4.523046
15.183859,-4.523856
15.204155,-4.52667
15.223089,-4.530016
15.244999,-4.531487
15.265596,-4.531507
15.286056,-4.534986
15.305454,-4.536311
15.325691,-4.538343
15.344899,-4.540552
15.366095,-4.543308
15.384872,-4.545862
15.405301,-4.546215
15.42714,-4.548887
15.445937,-4.549776
15.464882,-4.554354
15.485567,-4.553177
15.507444,-4.55383
15.527823,-4.555413
15.548059,-4.557047
15.56709,-4.55733
15.58759,-4.559913
15.608184,-4.562111
15.627073,-4.562478
15.648966,-4.561308
15.667934,-4.562827
15.687146,-4.562737
15.708975,-4.565774
15.729438,-4.563581
15.749692,-4.565374
15.770007,-4.566071
15.788877,-4.564709
15.809349,-4.566379
15.829577,-4.565262
15.849932,-4.56445
15.868955,-4.569501
15.889994,-4.569335
15.909315,-4.569292
15.931104,-4.568065
15.950036,-4.568043
15.968886,-4.568773
15.989304,-4.568596
16.011621,-4.568407
16.032051,-4.568353
16.05109,-4.569551
16.071482,-4.569522
16.091969,-4.570941
16.112154,-4.571273
16.131077,-4.57232
16.152988,-4.570045
16.172064,-4.570982
16.192078,-4.569118
16.213015,-4.569586
16.233549,-4.570086
16.253622,-4.569177
16.273977,-4.567805
16.292854,-4.569019
16.313301,-4.56776
16.333588,-4.569166
16.353802,-4.571439
16.37381,-4.570607
16.393917,-4.571942
16.412945,-4.571009
16.433029,-4.569965
16.453281,-4.568827
16.475029,-4.570192
16.495436,-4.569134
16.515797,-4.568143
16.536028,-4.567218
16.55555,-4.566093
16.575573,-4.565624
16.595892,-4.564825
16.616049,-4.567072
16.635105,-4.567539
16.656883,-4.56702
16.674896,-4.566107
16.695293,-4.56598
16.717119,-4.568846
16.73728,-4.568731
16.757553,-4.568124
16.77791,-4.567729
16.796854,-4.567122
16.81801,-4.566338
16.836966,-4.565726
16.857296,-4.565874
16.877674,-4.565345
16.897913,-4.563809
16.917,-4.564328
16.937563,-4.563725
16.957289,-4.563242
16.97904,-4.563012
16.999289,-4.562916
17.019798,-4.560208
17.040104,-4.561254
17.059114,-4.561616
17.079716,-4.561831
17.099655,-4.562051
17.119934,-4.562895
17.14015,-4.565696
17.159042,-4.566163
17.180939,-4.56587
17.201424,-4.562953
17.221653,-4.562405
17.239037,-4.562934
17.260799,-4.562545
17.281448,-4.561746
17.301561,-4.562215
17.321909,-4.559009
17.342026,-4.5589
17.360872,-4.559423
17.381554,-4.559032
17.403065,-4.559105
17.421791,-4.560097
17.44092,-4.557765
17.461411,-4.557952
17.482948,-4.558039
17.503408,-4.558659
17.523781,-4.55907
17.544024,-4.557657
17.563089,-4.55819
17.583092,-4.558573
17.603174,-4.559677
17.622942,-4.557363
17.644941,-4.558265
17.663799,-4.561287
17.684212,-4.562219
17.703066,-4.55973
17.725037,-4.560045
17.745346,-4.560011
17.765648,-4.560166
17.786016,-4.557303
17.804832,-4.557761
17.82502,-4.557491
17.84527,-4.558042
17.865761,-4.554974
17.885988,-4.554976
17.904835,-4.555917
17.925327,-4.553668
17.947109,-4.554532
17.967148,-4.554712
17.987181,-4.555953
18.007036,-4.554595
18.027569,-4.555291
18.047855,-4.556763
18.068188,-4.55444
18.086946,-4.555924
18.107445,-4.55711
18.127787,-4.555068
18.147877,-4.556236
18.169281,-4.557444
18.188044,-4.555234
18.209534,-4.556466
18.229673,-4.559289
18.249886,-4.557844
18.26902,-4.558676
18.289263,-4.558659
18.309542,-4.556714
18.329535,-4.55721
18.349539,-4.557004
18.369778,-4.55504
18.38883,-4.555868
18.409281,-4.552981
18.431173,-4.553132
18.451405,-4.553894
18.471773,-4.552333
18.48926,-4.553963
18.511032,-4.551655
18.53141,-4.553195
18.551542,-4.554632
18.571835,-4.552982
18.592051,-4.554701
18.610979,-4.553428
18.632938,-4.554926
18.653009,-4.555965
18.673252,-4.554818
18.691999,-4.556325
18.71113,-4.555021
18.733858,-4.555645
18.751343,-4.554203
18.772772,-4.555521
18.79324,-4.554253
18.813522,-4.554629
18.833843,-4.553347
18.852751,-4.554637
18.873241,-4.553155
18.895145,-4.553595
18.915253,-4.555139
18.933128,-4.553945
18.953285,-4.557924
18.975069,-4.556149
18.995359,-4.557367
19.015495,-4.555908
19.035784,-4.557012
19.056257,-4.554786
19.074923,-4.555375
19.095501,-4.553878
19.115755,-4.555278
19.136162,-4.553747
19.155458,-4.551833
19.176802,-4.553027
19.19725,-4.551117
19.217512,-4.552751
19.237749,-4.551661
19.257757,-4.553588
19.277996,-4.55252
19.29689,-4.553658
19.31724,-4.552804
19.337511,-4.554533
19.357872,-4.553657
19.376823,-4.552754
19.397234,-4.554768
19.418953,-4.552921
19.439367,-4.554545
19.456793,-4.553683
19.477364,-4.552625
19.499052,-4.554241
19.5193,-4.553184
19.539755,-4.554106
19.559752,-4.552765
19.579998,-4.554433
19.599083,-4.55358
19.620855,-4.552277
19.639776,-4.554096
19.659985,-4.552527
19.680199,-4.554263
19.698919,-4.553212
19.72123,-4.552234
19.741505,-4.554097
19.760826,-4.553306
19.781231,-4.551672
19.801498,-4.553518
19.821739,-4.552654
19.841972,-4.55442
19.860847,-4.55371
19.881241,-4.552798
19.903049,-4.553769
19.922041,-4.553262
19.940874,-4.552434
19.961504,-4.556901
19.983009,-4.555954
20.003311,-4.554903
20.023829,-4.555389
20.044079,-4.554281
20.062984,-4.552926
20.083326,-4.554345
20.10359,-4.552794
20.123966,-4.551583
20.144173,-4.552478
20.162994,-4.551209
20.183046,-4.549952
20.205357,-4.55175
20.223022,-4.551312
20.244841,-4.553119
20.265337,-4.552638
20.285784,-4.551323
20.305828,-4.550694
20.324892,-4.552841
20.34523,-4.552479
20.365574,-4.551764
20.38574,-4.554008
20.404785,-4.553559
20.42524,-4.551946
20.445757,-4.554022
20.464828,-4.553236
20.486979,-4.552874
20.5075,-4.553823
20.527905,-4.552957
20.548119,-4.552382
20.566996,-4.551521
20.587227,-4.553025
20.607733,-4.552205
20.628008,-4.551374
20.648848,-4.553257
20.66798,-4.552596
20.687157,-4.550497
20.709223,-4.549686
20.729746,-4.551761
20.748796,-4.551174
20.76923,-4.550508
20.789503,-4.55252
20.80987,-4.551928
20.829369,-4.551278
20.849869,-4.550564
20.868757,-4.553249
20.889872,-4.551738
20.908813,-4.551323
20.929239,-4.553228
20.950994,-4.552477
20.971529,-4.55165
20.991755,-4.550837
21.010853,-4.553146
21.031092,-4.552419
21.051775,-4.55163
21.071222,-4.55279
21.090998,-4.552146
21.11174,-4.551422
21.131193,-4.550418
21.152792,-4.552384
21.171776,-4.551762
21.192104,-4.551106
21.212881,-4.550491
21.233665,-4.55256
21.251049,-4.55193
21.273224,-4.550859
21.293047,-4.550235
21.313633,-4.555005
21.333868,-4.554249
21.352947,-4.553409
21.373747,-4.554813
21.393278,-4.554001
21.415131,-4.552706
21.435232,-4.551232
21.452888,-4.552208
21.475233,-4.55093
21.493288,-4.550096
21.514984,-4.549284
21.535458,-4.55125
21.55588,-4.550573
21.576115,-4.54992
21.595011,-4.549572
21.615376,-4.551565
21.634823,-4.551239
21.655779,-4.551105
21.676781,-4.549819
21.694935,-4.552036
21.717228,-4.551787
21.736799,-4.551233
21.757385,-4.550552
21.77751,-4.552899
21.797997,-4.552263
21.816875,-4.551944
21.837244,-4.551206
21.856842,-4.550502
21.877523,-4.55253
21.897877,-4.551858
21.916782,-4.551188
21.939316,-4.549672
21.958784,-4.551791
21.976868,-4.551298
21.999331,-4.550675
22.018934,-4.549791
22.039812,-4.551899
22.059406,-4.551452
22.078922,-4.550911
22.099756,-4.55034
22.11895,-4.549829
22.139872,-4.552032
22.160788,-4.5515
22.178801,-4.551014
22.201321,-4.549587
22.218843,-4.551783
22.241245,-4.55127
22.261559,-4.550749
22.281946,-4.550183
22.300831,-4.549985
22.321241,-4.552121
22.341656,-4.551587
22.360914,-4.551016
22.381763,-4.550385
22.401281,-4.549827
22.423018,-4.55196
22.443394,-4.551432
22.460915,-4.55092
22.481241,-4.550313
22.50326,-4.551657
22.522913,-4.551245
22.543764,-4.550756
22.563269,-4.549927
22.583755,-4.549408
22.604006,-4.551599
22.624773,-4.551185
22.642776,-4.550728
22.663898,-4.55049
22.685024,5.401477
22.702803,4.858706
22.725273,3.525841
22.742847,1.846581
22.764711,-0.086264
22.785255,-2.122999
22.805735,-4.105639
22.825872,-5.915336
22.844931,-7.452818
22.865541,-8.671917
22.885691,-9.574572
22.904806,-9.976646
22.927338,-10.087551
22.946911,-9.830925
22.96488,-9.37101
22.987005,-8.578922
23.007465,-7.7082
23.027861,-6.759531
23.04681,-5.769272
23.06777,-4.846844
23.087234,-3.989469
23.107143,-3.265731
23.127941,-2.708353
23.148785,-2.282734
23.166771,-2.109441
23.188824,-2.09621
23.209383,-2.258945
23.229616,-2.550112
23.249832,-2.938237
23.269075,-3.384295
23.289362,-3.862137
23.309759,-4.343489
23.329325,-4.786943
23.349989,-5.183338
23.37077,-5.52294
23.388884,-5.734436
23.41078,-5.894802
23.431232,-5.957196
23.44895,-5.939347
23.469366,-5.862144
23.491302,-5.708092
23.510859,-5.521167
23.531898,-5.318174
23.551249,-5.09236
23.570759,-4.874111
23.591801,-4.678054
23.612936,-4.479202
23.631981,-4.358465
23.651215,-4.251965
23.672895,-4.18368
23.693554,-4.164358
23.711994,-4.179691
23.733936,-4.227337
23.752949,-4.292471
23.773901,-4.38628
23.793274,-4.480574
23.812773,-4.581221
23.83375,-4.684694
23.854921,-4.780476
23.872902,-4.850134
23.893755,-4.915215
23.912792,-4.955441
23.935326,-4.985735
23.95476,-4.991637
23.975853,-4.983733
23.995224,-4.960048
24.014885,-4.923277
24.035805,-4.888111
24.055119,-4.841825
24.076698,-4.790706
24.096069,-4.75733
24.116011,-4.71727
24.135012,-4.683518
24.157145,-4.658222
24.177328,-4.645514
24.19676,-4.636228
24.217918,-4.636949
24.237225,-4.646894
24.256905,-4.659704
24.277861,-4.679289
24.297373,-4.699252
24.317951,-4.723223
24.336836,-4.743839
24.35906,-4.767526
24.376774,-4.783247
24.399239,-4.797512
24.418804,-4.809416
24.439718,-4.816779
24.459225,-4.818943
24.479725,-4.81605
24.499977,-4.810584
24.519167,-4.804409
24.539715,-4.795233
24.55924,-4.782013
24.578739,-4.771873
24.599852,-4.76088
24.620764,-4.746082
24.638891,-4.738276
24.661221,-4.728102
24.68079,-24.703491
24.70174,-23.747362
24.721495,-21.584915
24.741579,-18.534975
24.76182,-14.908875
24.781219,-11.036663
24.801716,-7.168646
24.82122,-3.567029
24.840792,-0.406378
24.861212,2.16529
24.882994,4.175557
24.903494,5.229705
24.920794,5.513885
24.941486,5.235727
24.963219,4.217175
24.982756,2.813012
25.003727,1.153658
25.023294,-0.729891
25.042765,-2.645902
25.063864,-4.421333
25.082741,-6.083048
25.103729,-7.554584
25.124769,-8.587343
25.143957,-9.193352
25.16312,-9.595948
25.185034,-9.64498
25.205252,-9.37706
25.225708,-8.858929
25.244734,-8.168022
25.265745,-7.312579
25.285212,-6.407577
25.30489,-5.484887
25.325783,-4.588309
25.345358,-3.796312
25.367155,-3.057806
25.387247,-2.541713
25.406742,-2.199806
25.427719,-2.004595
25.447214,-1.988845
25.466778,-2.119632
25.487732,-2.349596
25.507217,-2.692822
25.526878,-3.095026
25.547358,-3.512857
25.56772,-3.93657
25.588751,-4.394011
25.606741,-4.713925
25.629223,-5.027054
25.647089,-5.227373
25.668875,-5.373019
25.689222,-5.417089
25.708736,-5.393567
25.729727,-5.293676
25.748857,-5.15043
25.769728,-4.958446
25.789341,-4.727773
25.808687,-4.525861
25.830896,-4.280741
25.851263,-4.076713
25.870773,-3.900729
25.888735,-3.769166
25.911219,-3.644777
25.930828,-3.584321
25.951727,-3.551561
25.971966,-3.558804
25.990931,-3.606182
26.011343,-3.669214
26.030859,-3.760112
26.051765,-3.851315
26.07266,-3.967974
26.090769,-4.052766
26.113224,-4.148513
26.130987,-4.215976
26.152767,-4.282581
26.177628,-4.323457
26.196732,-4.345067
26.217855,-4.343315
26.237213,-4.329907
26.256739,-4.303517
26.277727,-4.261944
26.298903,-4.213066
26.316784,-4.173054
26.337296,-4.120522
26.359083,-4.074368
26.379423,-4.034837
26.399725,-4.006719
26.418785,-3.986911
26.439734,-3.973656
26.459192,-3.97293
26.478809,-3.978472
26.499708,-3.992267
26.520096,-4.009099
26.539064,-4.038762
26.561192,-4.065579
26.580767,-4.096801
26.601702,-4.121149
26.621271,-4.14589
26.641464,-4.167601
26.661829,-4.185715
26.682726,5.770757
26.700708,5.278629
26.723196,3.992681
26.742783,2.34231
26.763708,0.418749
26.783276,-1.61645
26.803955,-3.610407
26.82295,-5.430741
26.843191,-6.995861
26.863697,-8.238138
26.884874,-9.16012
26.902802,-9.589196
26.92535,-9.723306
26.944807,-9.486183
26.96563,-8.99567
26.984854,-8.264833
27.005762,-7.416584
27.025206,-6.466523
27.045834,-5.513948
27.06493,-4.568932
27.086716,-3.640692
27.104836,-3.002467
27.127195,-2.395143
27.145304,-2.059812
27.166964,-1.852557
27.18734,-1.857827
27.207701,-2.025498
27.227367,-2.323071
27.246941,-2.718571
27.267838,-3.183938
27.288649,-3.718516
27.307825,-4.16266
27.3297,-4.65784
27.349388,-5.048944
27.369854,-5.372269
27.389198,-5.601912
27.409828,-5.749581
27.42877,-5.802412
27.449326,-5.785165
27.470951,-5.682561
27.488705,-5.55087
27.511194,-5.346372
27.530796,-5.134151
27.551716,-4.919558
27.571959,-4.707684
27.591068,-4.502321
27.611473,-4.333888
27.631702,-4.199235
27.651953,-4.104817
27.672661,-4.040509
27.691854,-4.034564
27.71286,-4.055476
27.730715,-4.100827
27.753208,-4.18812
27.773829,-4.28401
27.792999,-4.387708
27.813206,-4.497303
27.83371,-4.600402
27.855005,-4.698407
27.87277,-4.769714
27.895233,-4.838482
27.914803,-4.879138
27.935722,-4.907445
27.955225,-4.915632
27.974882,-4.90437
27.995333,-4.885955
28.014879,-4.8541
28.035707,-4.817597
28.054726,-4.775885
28.077217,-4.734353
28.094948,-4.698264
28.116861,-4.663059
28.137215,-4.638341
28.156763,-4.62266
28.17771,-4.616061
28.1973,-4.61529
28.216656,-4.622952
28.238028,-4.639793
28.257011,-4.658361
28.279203,-4.681775
28.298719,-4.708551
28.319719,-4.739089
28.339201,-4.760922
28.35887,-4.786671
28.379423,-4.80594
28.399712,-4.823658
28.420715,-4.836457
28.438818,-4.845058
28.461321,-4.849077
28.480652,-4.849555
28.50148,-4.847731
28.52079,-4.842075
28.541862,-4.832601
28.561319,-4.826414
28.580645,-4.814713
28.602945,-4.806158
28.621815,-4.797185
28.640846,-4.789819
28.661198,-4.783773
28.683208,-4.777024
28.702995,-4.774097
28.723848,-4.77204
28.743948,-4.77634
28.763308,-4.775828
28.782715,-4.776061
28.80378,-4.778979
28.824806,-4.780326
28.842705,-4.780394
28.865276,-4.782831
28.885468,-4.787057
28.904774,-4.787906
28.925306,-4.784997
28.945728,-4.783489
28.965805,-4.781099
28.986786,-4.776114
29.004694,-4.773018
29.027258,-4.766715
29.046934,-4.759835
29.064762,-4.754944
29.08732,-4.748709
29.106838,-4.741404
29.127859,-4.739021
29.147242,-4.731455
29.166727,-4.726263
29.187868,-4.721047
29.208769,-4.714334
29.226812,-4.712744
29.248901,-4.708797
29.26931,-4.703999
29.289494,-4.701138
29.30864,-4.699756
29.32988,-4.696404
29.349182,-4.693068
29.368773,-4.693291
29.389917,-4.687943
29.410769,-4.685141
29.428692,-4.680796
29.451191,-4.679109
29.470919,-4.676379
29.491707,-4.670769
29.511389,-4.668228
29.5317,-4.663169
29.550821,-4.663054
29.57321,-4.657495
29.592684,-4.653054
29.613693,-4.651724
29.633194,-4.645979
29.652748,-4.642318
29.673334,-4.6389
29.692682,-4.634971
29.713699,-4.633295
29.733358,-4.628403
29.752783,-4.626141
29.773687,-4.623016
29.79468,-4.621488
29.812813,-4.617623
29.835184,-4.615962
29.854729,-4.613056
29.875689,-4.613737
29.895336,-4.612761
29.915928,-4.608782
29.934992,-4.606561
29.955368,-4.601584
29.975796,-4.601844
29.996824,-4.597449
30.014732,-4.59636
30.037189,-4.596584
30.056786,-4.591418
30.077707,-4.591102
30.09734,-4.591383
30.116793,-4.584572
30.137461,-4.585801
30.157928,-4.583573
30.176834,-4.578537
30.197174,-4.578783
30.217445,-4.5784
30.23769,-4.574982
30.258743,-4.57267
30.279726,-4.574453
30.299232,-4.569697
30.31867,-4.569829
30.339169,-4.570253
30.359688,-4.567386
30.379171,-4.564354
30.398932,-4.565942
30.419746,-4.563967
30.44062,-4.563488
30.459999,-4.563836
30.479073,-4.561368
30.50104,-4.559619
30.521173,-4.558719
30.541311,-4.558566
30.561804,-4.557354
30.580824,-4.553442
30.60169,-4.554708
30.622665,-4.553854
30.640676,-4.553956
30.66317,-4.55192
30.682838,-4.551924
30.703171,-4.54923
30.7237,-4.548908
30.743927,-4.548064
30.763315,-4.547922
30.782675,-4.549376
30.803766,-4.547956
30.824675,-4.548036
30.842676,-4.5452
30.865168,-4.544548
30.884792,-4.544322
30.905695,-4.545298
30.925303,-4.545163
30.944794,-4.545422
30.966728,-4.546317
30.985983,-4.54569
31.005053,-4.544422
31.025738,-4.543989
31.046782,-4.54085
31.064812,-4.542026
31.087158,-4.541322
31.106733,-4.54005
31.127552,-4.541193
31.147797,-4.540022
31.166842,-4.541433
31.187277,-4.542251
31.206781,-4.540365
31.227745,-4.541122
31.248663,-4.541707
31.266655,-4.54172
31.289034,-4.542309
31.313791,-4.540642
31.332891,-4.540229
31.353069,-4.53984
31.373402,-4.536482
31.393976,-4.539147
31.412769,-4.53859
31.433157,-4.537805
31.45277,-4.537884
31.475216,-4.537891
31.494823,-4.539557
31.512606,-4.539593
31.535166,-4.538848
31.554804,-4.540637
31.575872,-4.540498
31.594791,-4.539216
31.61517,-4.541563
31.635696,-4.539929
31.655912,-4.54116
31.676746,-4.540103
31.694939,-4.540711
31.717236,-4.539397
31.73666,-4.540258
31.757023,-4.541675
31.777287,-4.540092
31.797678,-4.540449
31.817368,-4.540861
31.83674,-4.539384
31.857655,-4.539524
31.878643,-4.540814
31.89673,-4.541073
31.918821,-4.539354
31.939138,-4.539944
31.957142,-4.540969
31.979137,-4.541578
31.998756,-4.540222
32.019646,-4.540323
32.040592,-4.541229
32.05864,-4.541742
32.080574,-4.541878
32.101017,-4.542759
32.121429,-4.542812
32.138714,-4.543588
32.161137,-4.540837
32.180763,-4.541511
32.201656,-4.541246
32.221222,-4.54212
32.24165,-4.541961
32.26083,-4.542846
32.281044,-4.542685
32.302841,-4.543518
32.32164,-4.543293
32.340569,-4.544092
32.362621,-4.543808
32.383648,-4.543494
32.403423,-4.544226
32.423683,-4.543916
32.44381,-4.543623
32.46278,-4.54407
32.484764,-4.543766
32.502697,-4.544255
32.525223,-4.543984
32.544628,-4.543408
32.565037,-4.543941
32.585304,-4.543715
32.605663,-4.543503
32.624966,-4.544077
32.645767,-4.543893
32.665161,-4.546729
32.6847,-4.54717
32.705681,-4.546733
32.726662,-4.546233
32.7477,-4.546479
32.767189,-4.545722
32.786804,-4.545739
32.807304,-4.545354
32.827568,-4.544755
32.847813,-4.544967
32.866898,-4.544823
32.889198,-4.547051
32.908672,-4.546926
32.929703,-4.547451
32.949181,-4.546875
32.969818,-4.546524
32.988716,-4.546242
33.009151,-4.546368
33.029442,-4.546093
33.048618,-4.545876
33.069977,-4.5483
33.090794,-4.548048
33.108627,-4.548531
33.13118,-4.547728
33.151798,-4.547317
33.170826,-4.54692
33.191475,-4.546253
33.211681,-4.546672
33.231911,-4.548781
33.250839,-4.548555
33.27269,-4.5482
33.290771,-4.547548
33.313171,-4.547884
33.332729,-4.547244
33.350819,-4.546972
33.373299,-4.546355
33.393875,-4.548818
33.413055,-4.548267
33.4333,-4.548703
33.453846,-4.548319
33.472603,-4.547694
33.493,-4.547357
33.513119,-4.546758
33.534924,-4.549187
33.555264,-4.549716
33.574909,-4.549082
33.595703,-4.548691
33.615181,-4.548361
33.634727,-4.5474
33.65556,-4.547091
33.675831,-4.549229
33.694717,-4.549799
33.716667,-4.549484
33.737045,-4.549129
33.757351,-4.548459
33.774845,-4.548148
33.797287,-4.547825
33.816628,-4.549957
33.837822,-4.549744
33.857155,-4.550154
33.876827,-4.549801
33.897675,-4.549421
33.918629,-4.548738
33.936615,-4.548449
33.959332,-4.551248
33.978668,-4.551037
33.999767,-4.550713
34.01915,-4.550039
34.03886,-4.549708
34.059322,-4.549077
34.079582,-4.548784
34.099888,-4.548251
34.118774,-4.550787
34.140862,-4.550552
34.158741,-4.550284
34.181263,0
34.200756,0
34.221756,0
34.241234,0
34.260807,0
34.281727,0
34.301102,0
34.321404,0
34.341747,0
34.360554,0
34.382587,0
34.400604,0
34.423172,0
34.443752,0
34.462673,0
34.483162,0
34.503635,0
34.523884,0
34.542683,0
34.564739,0
34.582756,0
34.605278,0
34.624619,0
34.645786,0
34.665169,0
34.684872,0
34.705479,0
34.72575,0
34.744709,0
34.765121,0
34.786686,0
34.807129,-28.717852
34.827549,-29.084166
34.847782,-27.702185
34.86694,-24.960073
34.887661,-21.303301
34.908627,-16.509949
34.926655,-12.353792
34.949127,-7.31919
34.968842,-3.056883
34.98904,0.657949
35.009254,3.667964
35.02951,5.855687
35.049686,7.158823
35.068554,7.58069
35.090584,7.116161
35.108746,6.126329
35.131107,4.357273
35.15057,2.358043
35.171265,0.182582
35.191498,-2.021066
35.2118,-4.116218
35.230904,-5.986242
35.25111,-7.535788
35.270576,-8.718158
35.292648,-9.567217
35.311523,-9.911478
35.331783,-9.944323
35.350922,-9.63979
35.371628,-9.067734
35.392593,-8.183382
35.410732,-7.341346
35.43309,-6.236182
35.452621,-5.224006
35.473663,-4.267149
35.492786,-3.406242
35.513618,-2.689213
35.532734,-2.137933
35.553146,-1.780809
35.574783,-1.609659
35.595203,-1.649418
35.612762,-1.825319
35.634659,-2.188854
35.65509,-2.629728
35.675484,-3.143006
35.69585,-3.696557
35.714806,-4.268194
35.736576,-4.874509
35.755474,-5.328861
35.775723,-5.778198
35.794773,-6.15504
35.81715,-6.475698
35.836662,-6.68163
35.857613,-6.8108
35.876972,-6.863536
35.897243,-6.856496
35.916813,-6.791629
35.937675,-6.692998
35.956959,-6.556664
35.978638,-6.395712
35.999092,-6.248014
36.019485,-6.107128
36.036976,-5.993477
36.058865,-5.878405
36.079151,-5.804159
36.098724,-5.752136
36.119606,-5.734101
36.140556,-5.735842
36.159718,-5.763301
36.178661,-5.801143
36.200531,-5.863012
36.220959,-5.927129
36.241219,-5.992414
36.261604,-6.054933
36.280659,-6.107219
36.301167,-6.150538
36.321373,-6.180696
36.341953,-6.198722
36.360573,-6.192689
36.38261,-6.173475
36.403072,-6.145824
36.420536,-6.103035
36.440964,-6.053441
36.467239,-5.973989
36.486687,-5.906967
36.507622,-5.839966
36.528622,-5.767024
36.546532,-5.706854
36.569073,-5.64439
36.588722,-5.59235
36.609211,-5.549702
36.629585,-5.511601
36.64912,-5.481934
36.668617,-5.460172
36.689587,-5.444789
36.70866,-5.434068
36.72961,-5.427657
36.748528,-5.421483
36.76897,-5.419366
36.790642,-5.414432
36.811092,-5.413316
36.831482,-5.407797
36.851715,-5.402818
36.87117,-5.391603
36.890606,-5.380272
36.912521,-5.360731
36.931515,-5.349311
36.951752,-5.329706
36.970638,-5.306278
36.992565,-5.282011
37.01297,-5.257755
37.033215,-5.235557
37.053593,-5.212121
37.073235,-5.194369
37.092529,-5.171351
37.113693,-5.156138
37.134655,-5.13353
37.152657,-5.11892
37.173595,-5.110098
37.194557,-5.093919
37.212524,-5.085362
37.232952,-5.077433
37.254822,-5.070734
37.275158,-5.066205
37.295589,-5.058656
37.31572,-5.052046
37.334789,-5.045713
37.356529,-5.038126
37.375565,-5.031981
37.395813,-5.027209
37.416676,-5.017499
37.434849,-5.01103
37.456947,-5.001763
37.474659,-4.992056
37.49667,-4.982101
37.516987,-4.972462
37.537212,-4.962441
37.557587,-4.953164
37.576515,-4.941996
37.598522,-4.93317
37.616516,-4.927011
37.639256,-4.916793
37.658562,-4.908494
37.679237,-4.904721
37.699455,-4.895984
37.719707,-4.890109
37.739098,-4.886519
37.759686,-4.881439
37.778622,-4.872487
37.800652,-4.869711
37.820938,-4.864924
37.841198,-4.857416
37.861572,-4.855667
37.88055,-4.848868
37.901211,-4.846026
37.921417,-4.840847
37.94165,-4.835457
37.960514,-4.830457
37.982723,-4.824014
38.001598,-4.818152
38.020546,-4.815886
38.040936,-4.809374
38.062729,-4.805499
38.083153,-4.798552
38.103508,-4.794852
38.122505,-4.789765
38.143711,-4.784744
38.163078,-4.779412
38.183453,-4.778549
38.203815,-4.772526
38.222813,-4.76983
38.244526,-4.763151
38.264942,-4.759583
38.282524,-4.756674
38.305172,-4.753253
38.324661,-4.751743
38.344921,-4.746891
38.365177,-4.745561
38.385689,-4.743226
38.406479,-4.73725
38.424789,-4.73535
38.445091,-4.732842
38.466599,-4.729154
38.487034,-4.723975
38.507423,-4.724235
38.527664,-4.72092
38.546722,-4.713974
38.568466,-4.713161
38.587551,-4.710286
38.60775,-4.709635
38.626606,-4.703788
38.648468,-4.702837
38.66906,-4.699299
38.689171,-4.700197
38.709663,-4.69602
38.728474,-4.69288
38.749065,-4.691218
38.769756,-4.689714
38.78891,-4.686886
38.810677,-4.68364
38.829544,-4.681894
38.850552,-4.681178
38.871136,-4.678644
38.888638,-4.677692
38.908943,-4.674328
38.930679,-4.67274
38.951031,-4.669274
38.971428,-4.668756
38.99168,-4.664439
39.010738,-4.664981
39.03154,-4.661154
39.050808,-4.659556
39.073135,-4.657348
39.090672,-4.657785
39.112476,-4.653449
39.132915,-4.653808
39.153172,-4.651681
39.172592,-4.651583
39.193542,-4.652494
39.212616,-4.648518
39.233028,-4.648428
39.254787,-4.644589
39.275127,-4.644206
39.294544,-4.640733
39.315037,-4.639945
39.33543,-4.642432
39.355667,-4.638269
39.374832,-4.638185
39.396484,-4.633714
39.415684,-4.636376
39.436485,-4.633409
39.454697,-4.631358
39.476688,-4.631591
39.497002,-4.62944
39.517174,-4.629848
39.5368,-4.627367
39.557549,-4.628008
39.577045,-4.627316
39.597416,-4.62451
39.617569,-4.624888
39.636608,-4.620633
39.658669,-4.622093
39.679169,-4.621476
39.699547,-4.618734
39.718792,-4.620067
39.739395,-4.61896
39.759411,-4.618327
39.779648,-4.617181
39.798729,-4.617333
39.820488,-4.615034
39.839497,-4.614116
39.859653,-4.612613
39.878647,-4.612852
39.900829,-4.612999
39.921001,-4.610699
39.941212,-4.611243
39.960518,-4.611174
39.981541,-4.609531
40.001045,-4.609105
40.02137,-4.609191
40.041649,-4.606482
40.060471,-4.607717
40.082481,-4.606405
40.100643,-4.604155
40.122753,-4.605318
40.14304,-4.605401
40.163425,-4.604356
40.183659,-4.60316
40.202847,-4.604214
40.22303,-4.601005
40.243431,-4.60204
40.26366,-4.604043
40.282833,-4.601907
40.304588,-4.598879
40.324921,-4.600412
40.345161,-4.601084
40.365536,-4.599342
40.385006,-4.599818
40.405285,-4.597726
40.424503,-4.595589
40.445671,-4.595851
40.464588,-4.596107
40.484982,-4.594553
40.506657,-4.595799
40.527,-4.596049
40.547386,-4.596601
40.567638,-4.593205
40.586826,-4.595467
40.607609,-4.596022
40.626652,-4.594439
40.648441,-4.592984
40.669502,-4.593167
40.688622,-4.593807
40.709133,-4.590854
40.7295,-4.592778
40.748558,-4.591643
40.768883,-4.592761
40.790668,-4.590621
40.811069,-4.591266
40.828442,-4.592218
40.848877,-4.59131
40.871002,-4.588088
40.890614,-4.589222
40.911167,-4.590557
40.931561,-4.592365
40.951633,-4.588172
40.970802,-4.588511
40.992428,-4.589974
41.012867,-4.588202
41.033123,-4.586469
41.052582,-4.586678
41.073143,-4.587515
41.093258,-4.585359
41.113518,-4.585781
41.132587,-4.588312
41.153019,-4.588892
41.174652,-4.586493
41.193764,-4.585771
41.212421,-4.584847
41.232872,-4.585169
41.254841,-4.586169
41.27499,-4.58351
41.295631,-4.586032
41.315613,-4.585637
41.334698,-4.584005
41.356434,-4.581927
41.375492,-4.583203
41.394749,-4.582226
41.416447,-4.582726
41.436863,-4.582138
41.461517,-4.581108
41.480694,-4.582476
41.500992,-4.581727
41.522633,-4.584926
41.542999,-4.581337
41.560493,-4.581055
41.582645,-4.581177
41.603008,-4.582533
41.623508,-4.583899
41.642426,-4.579134
41.66452,-4.581088
41.68338,-4.581634
41.703621,-4.582432
41.722675,-4.57796
41.744442,-4.579557
41.76487,-4.580299
41.785519,-4.581809
41.804882,-4.579389
41.825146,-4.577873
41.845516,-4.578252
41.864567,-4.57875
41.88501,-4.579231
41.906647,-4.580415
41.927174,-4.578381
41.947407,-4.578747
41.967644,-4.579933
41.986622,-4.579512
42.007008,-4.579645
42.027485,-4.579726
42.047634,-4.576895
42.066669,-4.576333
42.088432,-4.577222
42.109005,-4.577303
42.126675,-4.578821
42.148518,-4.576865
42.168999,-4.576419
42.189304,-4.57653
42.209667,-4.579017
42.228485,-4.57812
42.248863,-4.575113
42.270638,-4.575362
42.289509,-4.576647
42.308872,-4.575764
42.330807,-4.57579
42.351189,-4.578113
42.371494,-4.574377
42.391659,-4.575826
42.411625,-4.574928
42.430756,-4.576077
42.451023,-4.574926
42.471386,-4.576756
42.491642,-4.572751
42.510769,-4.57398
42.532452,-4.57324
42.553127,-4.574774
42.573147,-4.57571
42.593155,-4.574529
42.613514,-4.573056
42.632591,-4.570852
42.652885,-4.57318
42.674583,-4.574868
42.693645,-4.575267
42.712433,-4.573465
42.732937,-4.571782
42.754765,-4.573181
42.774929,-4.571461
42.794991,-4.572326
42.814884,-4.572784
42.835407,-4.574013
42.855637,-4.574461
42.874718,-4.571988
42.896584,-4.570839
42.915688,-4.570846
42.934654,-4.571565
42.956436,-4.572967
42.976883,-4.573249
42.997311,-4.57082
43.017506,-4.570838
43.036777,-4.57099
43.056961,-4.571142
43.077236,-4.571328
43.097504,-4.571803
43.116428,-4.571486
43.136848,-4.569136
43.156849,-4.569324
43.178684,-4.569808
43.199059,-4.569846
43.219357,-4.569781
43.239597,-4.572925
43.258644,-4.572335
43.280594,-4.570546
43.299679,-4.570137
43.319679,-4.569397
43.338806,-4.571394
43.358738,-4.570942
43.380814,-4.571375
43.400959,-4.570872
43.420971,-4.567331
43.44125,-4.56939
43.46138,-4.568842
43.481083,-4.567922
43.501545,-4.569833
43.520508,-4.569284
43.540943,-4.568484
43.562714,-4.570905
43.583073,-4.567547
43.603436,-4.566774
43.620831,-4.567622
43.64296,-4.567122
43.663074,-4.568985
43.683331,-4.568194
43.703568,-4.5697
43.72261,-4.569237
43.744465,-4.565691
43.764862,-4.567286
43.785099,-4.565948
43.80513,-4.567297
43.82547,-4.568679
43.845596,-4.567643
43.865707,-4.568906
43.884403,-4.567107
43.904934,-4.568324
43.92659,-4.56473
43.946964,-4.565884
43.964401,-4.566092
43.984818,-4.56739
44.00481,-4.565854
44.026577,-4.567695
44.046932,-4.566147
44.067326,-4.567159
44.08757,-4.568865
44.106716,-4.566743
44.126919,-4.564952
44.146957,-4.565485
44.168358,-4.566684
44.188801,-4.565306
44.209057,-4.565881
44.229317,-4.566693
44.248371,-4.567186
44.268879,-4.567956
44.290581,-4.563556
44.310921,-4.563969
44.328358,-4.563767
44.348824,-4.564314
44.36879,-4.56529
44.391655,-4.566576
44.410465,-4.566591
44.430912,-4.567185
44.451298,-4.56474
44.471554,-4.562496
44.491558,-4.563237
44.511559,-4.563653
44.533047,-4.564083
44.553303,-4.564574
44.572315,-4.564474
44.592827,-4.56464
44.613075,-4.564729
44.6334,-4.564773
44.652359,-4.564515
44.672794,-4.562158
44.694695,-4.562697
44.714951,-4.562391
44.735077,-4.562458
44.755497,-4.562567
44.775585,-4.565535
44.79464,-4.565588
44.814919,-4.565488
44.834927,-4.565252
44.856419,-4.565825
44.876629,-4.565503
44.896732,-4.562113
44.916851,-4.561617
44.937084,-4.563924
44.957466,-4.563361
44.976486,-4.563164
44.99688,-4.562636
45.01746,-4.562429
45.036377,-4.564179
45.057079,-4.56389
45.077091,-4.563106
45.096935,-4.562848
45.116928,-4.564616
45.136929,-4.561038
45.158558,-4.560628
45.178928,-4.559912
45.199306,-4.561851
45.219547,-4.562219
45.238571,-4.56158
45.260391,-4.564005
45.279411,-4.562926
45.301216,-4.562271
45.321228,-4.564222
45.341187,-4.563463
45.361691,-4.56247
45.380482,-4.561088
45.400833,-4.56
45.421093,-4.561659
45.441429,-4.560767
45.460377,-4.559946
45.48093,-4.562025
45.502697,-4.561595
45.522541,-4.563139
45.542915,-4.562335
45.563309,-4.561177
45.583553,-4.562575
45.602493,-4.561675
45.623024,-4.562974
45.643402,-4.558967
45.663673,-4.559836
45.683693,-4.55922
45.702614,-4.560454
45.724556,-4.559263
45.744877,-4.56106
45.765224,-4.559888
45.785538,-4.561312
45.804386,-4.56249
45.824806,-4.561188
45.846687,-4.562728
45.867092,-4.561321
45.88443,-4.562385
45.904953,-4.560611
45.926483,-4.559199
45.946941,-4.560334
45.967461,-4.558627
45.987324,-4.559843
46.007366,-4.558488
46.027573,-4.56006
46.0466,-4.561145
46.068508,-4.559933
46.088814,-4.561047
46.108799,-4.562076
46.129063,-4.560396
46.149628,-4.561377
46.168365,-4.562331
46.190563,-4.560501
46.210953,-4.56136
46.231071,-4.561817
46.251308,-4.557739
46.271572,-4.558334
46.290615,-4.558854
46.311028,-4.559677
46.331509,-4.557859
46.351562,-4.558674
46.37059,-4.55995
46.392353,-4.56122
46.412811,-4.559272
46.433239,-4.560163
46.453331,-4.560983
46.472458,-4.561608
46.492939,-4.559419
46.513184,-4.560392
46.533401,-4.560754
46.552296,-4.560867
46.5728,-4.561174
46.59306,-4.558751
46.616493,-4.556862
46.636917,-4.557381
46.658569,-4.558136
46.678791,-4.558733
46.699299,-4.55969
46.719532,-4.557878
46.738625,-4.558521
46.760323,-4.559115
46.779297,-4.559613
46.799545,5.440132
46.818687,5.218971
46.840298,4.200813
46.86079,2.720813
46.881062,0.895136
46.901443,-1.111721
46.920486,-3.134178
46.941078,-5.04415
46.961182,-6.731297
46.981472,-8.124226
47.000313,-9.138969
47.020813,-9.805323
47.042473,-10.098457
47.062992,-10.010721
47.083324,-9.628263
47.10358,-8.995281
47.122532,-8.160843
47.142853,-7.239079
47.163391,-6.279049
47.182571,-5.306793
47.204548,-4.32135
47.224884,-3.54743
47.245216,-2.916789
47.265568,-2.462931
47.284386,-2.173758
47.304806,-2.085619
47.325062,-2.168354
47.345417,-2.39893
47.364456,-2.732372
47.384804,-3.158323
47.406651,-3.676285
47.426907,-4.157227
47.447361,-4.624033
47.467564,-5.039497
47.486931,-5.387896
47.507011,-5.66087
47.527332,-5.847709
47.546478,-5.942295
47.567513,-5.967354
47.586643,-5.906619
47.608349,-5.77096
47.628796,-5.607258
47.649059,-5.409855
47.668457,-5.186447
47.689453,-4.973623
47.708908,-4.761448
47.729366,-4.577559
47.748466,-4.414185
47.76899,-4.29628
47.790474,-4.204733
47.810925,-4.1711
47.831306,-4.176897
47.848797,-4.20088
47.870892,-4.271746
47.890446,-4.350674
47.911465,-4.449089
47.930668,-4.552364
47.95137,-4.654799
47.972317,-4.753094
47.992901,-4.839272
48.010624,-4.898669
48.032413,-4.953187
48.052807,-4.985279
48.073055,-4.995964
48.093464,-4.994303
48.112347,-4.975397
48.133049,-4.947383
48.153152,-4.908855
48.173542,-4.867702
48.192436,-4.818254
48.214539,-4.770731
48.234875,-4.732946
48.254505,-4.698147
48.275452,-4.672779
48.294678,-4.656366
48.315033,-4.645406
48.335381,-4.64371
48.355968,-4.649379
48.374512,-4.6627
48.396484,-4.680191
48.416916,-4.699931
48.436348,-4.721138
48.45438,-4.740385
48.476807,-4.764368
48.497196,-4.785124
48.517475,-4.800974
48.536366,-4.812383
48.556877,-4.819792
48.578896,-4.823921
48.596287,-4.823369
48.616905,-4.821266
48.638462,-4.812695
48.658928,-4.803411
48.67931,-4.795202
48.699551,-4.783192
48.718567,-4.770727
48.740376,-4.75613
48.759445,-4.748119
48.779591,-4.739697
48.798458,-24.732525
48.820492,-24.050482
48.841064,-22.103987
48.861416,-19.206375
48.880852,-15.669898
48.900314,-11.824636
48.921341,-7.93441
48.942448,-3.917725
48.960278,-1.000616
48.982815,1.936109
49.000256,3.702872
49.020836,4.984324
49.042519,5.508663
49.063274,5.298166
49.082928,4.44585
49.102299,3.114261
49.123348,1.508087
49.142513,-0.366714
49.164413,-2.460726
49.184795,-4.271761
49.205021,-5.917344
49.22266,-7.197474
49.244392,-8.415487
49.265373,-9.14661
49.28476,-9.578757
49.304386,-9.678665
49.325291,-9.455149
49.34478,-8.996979
49.366699,-8.249525
49.387039,-7.415061
49.407291,-6.500985
49.427525,-5.672673
49.446579,-4.690414
49.466961,-3.87521
49.487289,-3.179087
49.506878,-2.635196
49.528324,-2.232177
49.547295,-2.032382
49.567528,-1.976536
49.588554,-2.105722
49.606567,-2.308447
49.628757,-2.663743
49.648308,-3.062527
49.669384,-3.472018
49.688843,-3.909243
49.708508,-4.3207
49.729298,-4.677493
49.750317,-5.014991
49.769264,-5.205232
49.788307,-5.360909
49.810371,-5.42412
49.828403,-5.408451
49.850342,-5.314184
49.871338,-5.168004
49.890759,-4.986165
49.910297,-4.777914
49.931252,-4.546587
49.950542,-4.328527
49.972294,-4.1017
49.992744,-3.918429
50.011547,-3.776201
50.032303,-3.663764
50.050293,-3.597726
50.072796,-3.562737
50.093327,-3.564411
50.11235,-3.607227
50.132732,-3.671014
50.153255,-3.750431
50.174294,-3.861251
50.192265,-3.951077
50.214745,-4.05351
50.232296,-4.137488
50.254467,-4.221734
50.275257,-4.275124
50.294891,-4.318868
50.315273,-4.342104
50.33551,-4.346367
50.354553,-4.338237
50.376228,-4.311648
50.394314,-4.280061
50.416744,-4.229744
50.437016,-4.181015
50.454544,-4.142062
50.476398,-4.091938
50.496819,-4.052107
50.517254,-4.017556
50.536934,-3.996224
50.556431,-3.983075
50.577263,-3.975085
50.598358,-3.980837
50.617249,-3.99087
50.63649,-4.009933
50.658287,-4.035071
50.67627,-4.058882
50.698738,-4.089796
50.718323,-4.116327
50.738884,-4.14413
50.759262,-4.163165
50.778385,-4.186021
50.799393,5.798892
50.818428,5.564122
50.840462,4.532641
50.861042,3.042056
50.880268,1.207647
50.901257,-0.803171
50.920734,-2.824671
50.941254,-4.73014
50.962265,-6.558535
50.982979,-7.905417
51.000286,-8.797644
51.020725,-9.44294
51.0425,-9.720499
51.062851,-9.623201
51.082272,-9.212383
51.103371,-8.59182
51.124393,-7.675011
51.144737,-6.756263
51.162403,-5.882889
51.184338,-4.842522
51.20525,-3.978037
51.224796,-3.211827
51.244301,-2.59099
51.265301,-2.165265
51.284718,-1.907212
51.304451,-1.839286
51.325222,-1.944849
51.346394,-2.223861
51.366825,-2.597288
51.384312,-2.992018
51.404858,-3.478763
51.426556,-4.01977
51.44722,-4.490545
51.46682,-4.905025
51.486374,-5.250326
51.507278,-5.524127
51.528244,-5.711899
51.546288,-5.792683
51.568718,-5.800651
51.589218,-5.735074
51.608383,-5.600987
51.628723,-5.429748
51.649204,-5.231539
51.668842,-5.007276
51.688236,-4.785899
51.708988,-4.585622
51.729343,-4.403734
51.748253,-4.246656
51.768684,-4.112695
51.794987,-4.056827
51.815418,-4.035953
51.834877,-4.0525
51.855389,-4.104459
51.876209,-4.180749
51.89555,-4.267877
51.914505,-4.370127
51.936256,-4.487469
51.957226,-4.593168
51.976746,-4.685781
51.996319,-4.764347
52.017326,-4.832487
52.036713,-4.876878
52.056252,-4.905146
52.077206,-4.919226
52.096771,-4.911259
52.118618,-4.89203
52.137459,-4.865216
52.156353,-4.826857
52.176693,-4.790004
52.1987,-4.743833
52.218391,-4.706426
52.239193,-4.673278
52.260151,-4.642694
52.279434,-4.628087
52.29837,-4.616831
52.320538,-4.617452
52.340836,-4.626647
52.360283,-4.637899
52.381199,-4.659539
52.400776,-4.681287
52.42033,-4.707502
52.441181,-4.735689
52.460762,-4.7589
52.480156,-4.784427
52.500832,-4.803329
52.521309,-4.822281
52.542343,-4.837241
52.560192,-4.846004
52.582661,-4.851297
52.602184,-4.850735
52.623211,-4.850315
52.642727,-4.844035
52.663559,-4.837646
52.682434,-4.825682
52.702816,-4.818931
52.723213,-4.810135
52.744316,-4.800443
52.762199,-4.790384
52.784657,-4.787851
52.802563,-4.781811
52.824528,-4.778023
52.844799,-4.77584
52.864212,-4.773964
52.885296,-4.778765
52.904667,-4.777226
52.924252,-4.779738
52.94466,-4.780196
52.966541,-4.783092
52.986969,-4.786819
53.00618,-4.785589
53.027191,-4.785633
53.046654,-4.788553
53.067173,-4.785549
53.086689,-4.78123
53.106339,-4.778448
53.128654,-4.774973
53.147533,-4.769131
53.166416,-4.766181
53.188152,-4.758142
53.209152,-4.752648
53.228638,-4.746108
53.248207,-4.738566
53.26915,-4.732155
53.288395,-4.729592
53.308743,-4.722961
53.329205,-4.718645
53.350266,-4.712276
53.368137,-4.708998
53.390778,-4.708883
53.410217,-4.703647
53.430748,-4.701715
53.451145,-4.698287
53.470783,-4.697577
53.490154,-4.694087
53.51123,-4.689921
53.53215,-4.685105
53.55024,-4.683921
53.572643,-4.680483
53.592133,-4.676229
53.613148,-4.673429
53.632618,-4.670463
53.652885,-4.665812
53.673256,-4.664222
53.692276,-4.658779
53.712708,-4.657978
53.732986,-4.65115
53.753296,-4.647065
53.77206,-4.643899
53.794777,-4.641989
53.814224,-4.637983
53.835125,-4.635128
53.854645,-4.630628
53.874325,-4.628393
53.895256,-4.623142
53.915367,-4.623328
53.936062,-4.619503
53.956604,-4.618662
53.976871,-4.614437
53.996277,-4.614874
54.017281,-4.609626
54.036728,-4.608305
54.056183,-4.606922
54.077225,-4.605779
54.096745,-4.603718
54.118382,-4.5998
54.138721,-4.599462
54.156059,-4.596046
54.178627,-4.593685
54.19825,-4.592023
54.219143,-4.589473
54.239338,-4.588721
54.25856,-4.588036
54.27914,-4.583573
54.300262,-4.581194
54.318111,-4.580097
54.340595,-4.577029
54.358353,-4.577546
54.380295,-4.575771
54.401253,-4.575664
54.420666,-4.57117
54.440117,-4.571736
54.461182,-4.570325
54.482098,-4.566606
54.500042,-4.568002
54.522587,-4.565993
54.540047,-4.566391
54.560604,-4.563288
54.582447,-4.563178
54.60276,-4.560987
54.623123,-4.561419
54.642723,-4.561495
54.662106,-4.559208
54.683182,-4.558068
54.702484,-4.557886
54.724049,-4.555753
54.744595,-4.55712
54.76487,-4.55202
54.785252,-4.553218
54.80431,-4.550787
54.825111,-4.551242
54.844734,-4.551644
54.864052,-4.551361
54.885017,-4.551612
54.905342,-4.548281
54.92429,-4.546959
54.94463,-4.549184
54.966728,-4.548387
54.986122,-4.547904
55.007114,-4.548458
55.026649,-4.547
55.046242,-4.54706
55.066811,-4.545156
55.086246,-4.54563
55.107216,-4.542558
55.128059,-4.543484
55.146168,-4.545216
55.16827,-4.543228
55.188625,-4.545546
55.208874,-4.544889
55.22821,-4.544086
55.249287,-4.543051
55.268734,-4.541561
55.288052,-4.540372
55.308609,-4.541393
55.32811,-4.539818
55.349113,-4.540991
55.368641,-4.542096
55.390377,-4.540584
55.408207,-4.541012
55.43058,-4.542539
55.451126,-4.543213
55.471348,-4.543199
55.490364,-4.540444
55.510704,-4.541381
55.530209,-4.540908
55.55114,-4.540767
55.572094,-4.540248
55.590092,-4.542593
55.612587,-4.541857
55.633232,-4.539208
55.652332,-4.537989
55.6731,-4.537234
55.692772,-4.539653
55.712231,-4.539291
55.734131,-4.539418
55.752045,-4.538728
55.772587,-4.540306
55.794395,-4.540812
55.815117,-4.542259
55.834614,-4.54196
55.854229,-4.540533
55.875107,-4.542431
55.896332,-4.541217
55.915344,-4.542794
55.934601,-4.543582
55.956593,-4.542402
55.976162,-4.542859
55.997108,-4.541469
56.016853,-4.541701
56.037102,-4.543042
56.056343,-4.54067
56.078133,-4.541864
56.096153,-4.542274
56.118595,-4.541132
56.138073,-4.541606
56.159084,-4.542875
56.178555,-4.54069
56.198177,-4.541104
56.218716,-4.542342
56.239079,-4.542805
56.25885,-4.541328
56.27808,-4.541618
56.29921,-4.542754
56.320061,-4.543145
56.338078,-4.544258
56.360573,-4.544574
56.380188,-4.542858
56.401066,-4.542812
56.42028,-4.543863
56.441071,-4.544138
56.460735,-4.544892
56.48,-4.54515
56.501095,-4.545813
56.522057,-4.543024
56.542568,-4.543126
56.560211,-4.543837
56.582092,-4.543839
56.603085,-4.543861
56.622551,-4.544699
56.642151,-4.544752
56.663208,-4.545527
56.682659,-4.545815
56.703316,-4.545771
56.722336,-4.546402
56.744602,-4.546283
56.764042,-4.546132
56.785057,-4.546737
56.804535,-4.546588
56.824181,-4.54638
56.844578,-4.546675
56.864841,-4.54654
56.885078,-4.546396
56.904236,-4.546714
56.926037,-4.546313
56.95023,-4.547015
56.970596,-4.546644
56.988533,-4.546297
57.010525,-4.54706
57.030132,-4.546774
57.051121,-4.546753
57.072018,-4.546468
57.090183,-4.547221
57.112511,-4.547256
57.132057,-4.547224
57.153034,-4.547204
57.172516,-4.547135
57.193188,-4.547818
57.212147,-4.547729
57.233173,-4.547619
57.254169,-4.547481
57.271965,-4.548145
57.294323,-4.547995
57.312172,-4.548155
57.334534,-4.548007
57.354012,-4.547845
57.375088,-4.54843
57.394379,-4.548297
57.415028,-4.54812
57.434841,-4.547975
57.454018,-4.547828
57.476521,-4.54843
57.496254,-4.548303
57.514149,-4.548186
57.536758,-4.548339
57.555954,-4.548211
57.577023,-4.548059
57.596313,-4.54868
57.617031,-4.54856
57.638031,-4.548716
57.656216,-4.551276
57.677021,-4.551036
57.696571,-4.550719
57.718231,-4.550257
57.739166,-4.550357
57.758476,-4.549977
57.778114,-4.549361
57.798988,-4.548822
57.818531,-4.54833
57.839233,-4.547943
57.858326,-4.547608
57.880577,-4.548371
57.899986,-4.548173
57.921104,-4.548206
57.940479,-4.548328
57.96006,-4.548367
57.981041,-4.551103
58.001972,-4.551132
58.021225,-4.551296
58.041977,-4.551046
58.059925,-4.551493
58.082481,-4.551106
58.102158,-4.550756
58.122978,-4.550395
58.142467,-4.55014
58.162865,-4.550347
58.182251,-4.549857
58.203033,-4.549726
58.223957,-4.54933
58.241947,-4.549303
58.264454,-4.549287
58.284073,-4.551711
58.304955,-4.55178
58.324642,-4.551725
58.343891,-4.551876
58.364967,-4.551655
58.384438,-4.551085
58.405125,-4.550772
58.426048,-4.55053
58.443958,-4.55033
58.466461,-4.549855
58.486073,-4.549726
58.507027,-4.549326
58.527328,-4.549274
58.546215,-4.550022
58.567005,-4.549971
58.586441,-4.549926
58.606049,-4.552584
58.626961,-4.552432
58.648144,-4.552172
58.666176,-4.551922
58.688454,-4.551571
58.706017,-4.551344
58.728119,-4.550776
58.748463,-4.550562
58.767929,-4.550145
58.788761,-4.550037
58.80788,-4.549367
58.830139,-4.549347
58.85043,-4.549393
58.867931,-4.549407
58.888309,-4.549469
58.910435,-4.552174
58.931072,-4.552752
58.950439,-4.552582
58.969978,-4.552305
58.991028,-4.552248
59.011879,-4.552628
59.030109,-4.55195
59.052441,-4.551605
59.072945,-4.550696
59.092449,-4.550519
59.112034,-4.550101
59.132965,-4.549792
59.152447,-4.549815
59.17205,-4.549576
59.192947,-4.549672
59.212578,-4.549777
59.233982,-4.55022
59.251923,-4.550262
59.274426,-4.553313
59.294041,-4.553482
59.314938,-4.553187
59.334507,-4.553436
59.355175,-4.553003
59.374104,-4.552596
59.395866,-4.551531
59.416416,-4.551145
59.435921,-4.550601
59.45396,-4.550136
59.476418,-4.54973
59.494122,-4.549705
59.516487,-4.549454
59.536758,-4.54952
59.556942,-4.549329
59.576546,-4.549433
59.596004,-4.549849
59.61631,-4.549922
59.638432,-4.552949
59.657948,-4.552991
59.678932,-4.553134
59.698429,-4.553127
59.718018,-4.55277
59.738586,-4.55235
59.758881,-4.551958
59.777908,-4.55159
59.799,-4.55207
59.819901,-4.551486
59.83791,-4.551042
59.860397,-4.550891
59.880024,-4.550541
59.900928,-4.550254
59.920361,-4.550296
59.940544,-4.550356
59.960922,-4.550487
59.979897,-4.550575
60.001022,-4.550642
60.021931,-4.549946
60.039982,-4.550304
60.060936,-4.550309
60.081936,-4.553223
60.099899,-4.553523
60.120457,-4.554393
60.141975,-4.55429
60.162434,-4.553832
60.182934,-4.553348
60.202679,-4.552886
60.222229,-4.552471
60.243073,-4.551842
60.263863,-4.551303
60.283142,-4.550122
60.301975,-4.549762
60.324928,-4.54947
60.343948,-4.550003
60.364403,-4.55015
60.384918,-4.549958
60.404613,-4.550119
60.42495,-4.550247
60.444397,-4.550684
60.46608,-4.550776
60.484913,-4.551147
60.50391,-4.551135
60.524296,-4.55064
60.546253,-4.550835
60.567047,-4.553652
60.586548,-4.554601
60.605888,-4.554573
60.6269,-4.554107
60.647957,-4.554137
60.66597,-4.553041
60.686771,-4.552542
60.707008,-4.551803
60.726078,-4.551234
60.747913,-4.550441
60.768242,-4.550071
60.788502,-4.54979
60.808887,-4.549622
60.827808,-4.5495
60.848309,-4.549406
60.86993,-4.549659
60.888985,-4.54985
60.907951,-4.550065
60.93037,-4.550199
60.949951,-4.550614
60.967907,-4.550964
60.990383,-4.551239
61.009956,-4.551462
61.03096,-4.551685
61.051826,-4.551757
61.069836,-4.55188
61.092373,-4.551906
61.111908,-4.551673
61.132881,-4.554333
61.152466,-4.554114
61.171844,-4.554367
61.193039,-4.553932
61.213924,-4.552771
61.232086,-4.552366
61.252888,-4.551717
61.274139,-4.550853
61.291862,-4.550417
61.314518,-4.550077
61.333824,-4.549533
61.35487,-4.549372
61.374485,-4.549566
61.393822,-4.549498
61.414948,-4.549747
61.435795,-4.549656
61.453823,-4.550148
61.476364,-4.550303
61.495918,-4.550731
61.516922,-4.551053
61.536491,-4.551033
61.555798,-4.551275
61.577003,-4.551459
61.596401,-4.551608
61.615978,-4.551713
61.63689,-4.551791
61.657959,-4.551843
61.675995,-4.551612
61.696461,-4.551673
61.717899,-4.551403
61.738342,-4.553875
61.758945,-4.553645
61.778351,-4.553284
61.797932,-4.552948
61.819016,-4.552295
61.839809,-4.551687
61.857952,-4.551171
61.880363,-4.550712
61.899895,-4.550374
61.920883,-4.550097
61.940369,-4.549944
61.960041,-4.549776
61.980915,-4.549668
62.001827,-4.549885
62.019978,-4.549783
62.042362,-4.550282
62.061825,-4.550453
62.079914,-4.550551
62.106976,-4.550933
62.126499,-4.551233
62.145859,-4.551488
62.16687,-4.551688
62.187798,-4.55154
62.206879,-4.551686
62.228001,-4.551803
62.245838,-4.551573
62.268364,-4.551642
62.288006,-4.551437
62.308891,-4.551539
62.328423,-4.55404
62.347866,-4.553824
62.368919,-4.553506
62.388466,-4.552877
62.407799,-4.552519
62.428883,-4.55195
62.449841,-4.55142
62.467968,-4.551011
62.490345,-4.551119
62.509815,-4.550118
62.53088,-4.549946
62.55035,-4.549817
62.571003,-4.550057
62.590004,-4.549994
62.611786,-4.550269
62.632217,-4.550497
62.651112,-4.550963
62.669903,-4.551127
62.691853,-4.551504
62.71286,-4.551818
62.73241,-4.552068
62.751804,-4.552272
62.773003,-4.552146
62.793839,-4.552258
62.814865,-4.552373
62.834373,-4.552136
62.853966,-4.552238
62.874866,-4.552029
62.894497,-4.551822
62.915031,-4.554656
62.933899,-4.554463
62.955929,-4.553782
62.976223,-4.553451
62.996471,-4.552859
63.016884,-4.552308
63.035904,-4.551848
63.056366,-4.551147
63.076546,-4.55084
63.096855,-4.550621
63.117798,-4.550491
63.13588,-4.550333
63.156998,-4.550231
63.177883,-4.550505
63.195877,-4.550406
63.216301,-4.550595
63.238441,-4.551108
63.25798,-4.551257
63.278965,-4.551623
63.29789,-4.551678
63.318336,-4.551955
63.338726,-4.552214
63.358028,-4.552097
63.378853,-4.552288
63.399807,-4.552378
63.417866,-4.552228
63.440395,-4.552039
63.459854,-4.552169
63.480453,-4.551965
63.500851,-4.551811
63.520454,-4.551685
63.539776,-4.55423
63.560879,-4.554193
63.581944,-4.553946
63.599907,-4.552987
63.620853,-4.552388
63.640202,-4.551835
63.661884,-4.552057
63.682327,-4.551595
63.702721,-4.551221
63.72295,-4.550888
63.741886,-4.550624
63.763744,-4.550137
63.782726,-4.549951
63.802956,-4.550135
63.823822,-4.550079
63.84177,-4.550235
63.864552,-4.550474
63.884838,-4.550615
63.904369,-4.550761
63.924828,-4.550851
63.943886,-4.551204
63.964272,-4.551223
63.985985,-4.551504
64.004829,-4.551737
64.023834,-4.551648
64.044228,-4.551789
64.06601,-4.551925
64.086586,-4.551769
64.10701,-4.551611
64.125809,-4.551743
64.146828,-4.551567
64.167839,-4.551414
64.188278,-4.551287
64.208466,-4.551183
64.228844,-4.551102
64.247871,-4.551052
64.268379,-4.550996
64.287773,-4.550965
64.308907,-4.550957
64.328278,-4.550926
64.349854,-4.550912
64.370323,-4.5509
64.390717,-4.550888
64.410934,-4.550874
64.430023,-4.551204
64.45031,-4.553837
64.469803,-4.553816
64.490852,-4.553618
64.510017,-4.553366
64.531044,-4.553063
64.55188,-4.552455
64.572342,-4.552218
64.591812,-4.552218
64.612396,-4.552218
64.632454,-4.552218
64.652847,-4.552218
64.671783,-4.552218
64.692207,-4.552218
64.712448,-4.552218
64.732826,-4.552218
64.751877,-4.552218
64.774437,-4.552218