0,0
0.018186,0
0.03917,0
0.059938,0
0.079194,0
0.09994,0
0.120188,0
0.139696,0
0.159176,0
0.180195,0
0.199701,0
0.225178,0
0.245696,0
0.265179,0
0.285695,0
0.305175,0
0.325703,0
0.345175,0
0.365698,0
0.385175,0
0.407181,0
0.425178,0
0.447186,0
0.465177,0
0.487188,0
0.50819,0
0.527191,0
0.548193,0
0.568445,0
0.587698,0
0.607945,0
0.628192,0
0.647182,0
0.668195,0
0.687193,0
0.7097,0
0.727186,0
0.749704,0
0.770196,0
0.789716,0
0.810206,0
0.829716,0
0.850206,0
0.869707,0
0.891714,0
0.911196,0
0.931709,0
0.9512,0
0.971826,0
0.9922,0
1.011138,0
1.033202,0
1.051201,0
1.072197,0
1.091452,0
1.113332,0
1.133846,0
1.15318,0
1.174204,0
1.193737,0
1.214199,0
1.233733,0
1.25333,0
1.274205,0
1.294459,0
1.31336,0
1.335407,0
1.353207,0
1.375711,0
1.395196,0
1.416208,0
1.435716,0
1.456209,0
1.475713,0
1.496206,0
1.515708,0
1.536203,-24.593903
1.555715,-30
1.576204,-30
1.595709,-30
1.617831,-30
1.635713,-30
1.65771,-30
1.67571,-30
1.697713,-30
1.718464,-30
1.737708,-30
1.758469,-30
1.777711,-30
1.798463,-20.636337
1.819179,-8.244957
1.838465,0.61454
1.859179,9.355122
1.878464,14.118446
1.899171,16.891403
1.919957,16.642036
1.939174,14.249733
1.959965,10.283783
1.979177,5.25872
1.999954,-0.174911
2.019174,-5.548164
2.039975,-10.379639
2.059175,-14.309097
2.079971,-16.996033
2.099174,-18.443115
2.121459,-18.613785
2.141346,-17.616722
2.161847,-15.742508
2.179717,-13.52327
2.20146,-10.433678
2.222223,-7.519623
2.241464,-4.747475
2.262219,-2.314857
2.281464,-0.372124
2.302222,1.023285
2.321481,1.811806
2.34221,2.055153
2.361462,1.781914
2.382222,1.757256
2.401464,1.842484
2.423747,1.706673
2.443172,1.412949
2.461232,1.033028
2.483751,0.596878
2.5032,0.164413
2.524225,-0.203171
2.543731,-0.499725
2.564229,-0.678581
2.583752,-0.748672
2.604229,-0.693947
2.623141,-0.547981
2.645224,-0.269096
2.664373,0.058876
2.685237,0.415611
2.703202,0.756012
2.725721,1.164726
2.745215,1.494385
2.765721,1.299484
2.785224,0.906471
2.805734,0.517349
2.825212,0.215088
2.846232,-0.029724
2.865724,-0.139351
2.885226,-0.154411
2.906234,-0.097115
2.926474,0.056084
2.94721,0.3172
2.96534,0.546303
2.987722,0.838814
3.007328,1.106285
3.028217,1.335175
3.047322,1.540932
3.068214,1.678925
3.087728,1.777649
3.10822,1.814857
3.127783,1.806496
3.147967,1.753738
3.168345,1.66758
3.187222,1.55912
3.209729,1.42511
3.229231,1.302055
3.247222,1.185944
3.269726,1.084007
3.290224,1.002991
3.309726,0.942162
3.330221,0.905113
3.349772,0.890236
3.369232,0.889832
3.39022,0.912956
3.411201,0.93792
3.42923,0.969017
3.450263,1.007233
3.471221,1.03553
3.491746,1.060974
3.51139,1.070419
3.53197,1.074554
3.551314,1.058266
3.571743,1.038597
3.591321,1.000092
3.612234,0.961899
3.631732,0.908676
3.651156,0.847763
3.671973,0.796532
3.691229,0.729332
3.712223,0.680824
3.733244,0.611198
3.751205,0.565704
3.773335,0.514206
3.794228,0.480957
3.813756,0.437073
3.833221,0.3992
3.854223,0.376617
3.873772,0.344254
3.89423,0.320534
3.914481,0.293297
3.933506,0.255035
3.954231,0.230904
3.973332,0.189522
3.995775,0.151382
4.013246,0.111305
4.03574,0.069969
4.055307,0.021614
4.076242,-0.014359
4.095792,-0.066193
4.115199,-0.120415
4.136241,-0.159897
4.155758,-0.213165
4.176241,-0.258919
4.197244,-0.322227
4.215194,-0.36689
4.235934,-0.408554
4.257744,-0.462357
4.277249,-0.514503
4.295203,-0.557182
4.317744,-0.600929
4.337229,-0.649933
4.35824,-0.683434
4.37775,-0.730606
4.397257,-0.776985
4.418221,-0.810616
4.438479,-0.849266
4.457522,-0.898811
4.478226,-0.93367
4.499303,-0.98597
4.517248,-1.023933
4.539732,-1.063576
4.559208,-1.107155
4.577334,-1.142532
4.599473,-1.185417
4.620238,-1.21759
4.639749,-1.259331
4.659194,-1.302269
4.680242,-1.332672
4.701202,-1.382179
4.719193,-1.414597
4.740243,-1.441719
4.761207,-1.486572
4.779181,-1.5187
4.801733,-1.55027
4.821241,-1.586296
4.842229,-1.611412
4.861742,-1.647606
4.8812,-1.682892
4.902238,-1.704498
4.921741,-1.738167
4.941206,-1.771072
4.962244,-1.791466
4.983206,-1.830681
5.00122,-1.855751
5.022233,-1.873547
5.043206,-1.909447
5.061225,-1.93121
5.083762,-1.954494
5.103187,-1.982311
5.121217,-1.996399
5.143764,-2.024536
5.163186,-2.050739
5.184447,-2.06461
5.20377,-2.089191
5.223203,-2.11441
5.244277,-2.126976
5.265318,-2.15527
5.283204,-2.173214
5.304246,-2.186687
5.325304,-2.212254
5.343183,-2.234001
5.370239,-2.24464
5.38975,-2.263699
5.409187,-2.284325
5.430227,-2.292374
5.451214,-2.314137
5.469241,-2.327682
5.490232,-2.334095
5.511224,-2.354858
5.529338,-2.365353
5.551752,-2.377159
5.571222,-2.391823
5.592234,-2.395969
5.61174,-2.410759
5.6314,-2.423836
5.652035,-2.429722
5.672359,-2.43845
5.693209,-2.454716
5.711221,-2.462788
5.732234,-2.466221
5.753215,-2.480915
5.771223,-2.488071
5.793798,-2.492939
5.813239,-2.502781
5.834239,-2.504444
5.85386,-2.512791
5.873205,-2.524326
5.894238,-2.524067
5.913788,-2.532749
5.933205,-2.540638
5.95424,-2.539196
5.975178,-2.551891
5.993214,-2.556
6.015767,-2.558208
6.03516,-2.565823
6.056239,-2.563637
6.075759,-2.570415
6.095181,-2.577019
6.116251,-2.574497
6.135756,-2.581711
6.155181,-2.58762
6.17624,-2.585712
6.197229,-2.593067
6.215168,-2.596294
6.236251,-2.592041
6.257236,-2.600487
6.275156,-2.604744
6.297746,-2.604679
6.317226,-2.609219
6.338239,-2.604305
6.357745,-2.610363
6.37721,-2.613422
6.398243,-2.610149
6.417745,-2.614273
6.437223,-2.619587
6.458241,-2.614796
6.479197,-2.623852
6.497232,-2.624214
6.51976,-2.621902
6.539181,-2.627583
6.557227,-2.627342
6.579749,-2.62627
6.599181,-2.631046
6.620011,-2.627773
6.639183,-2.633354
6.66027,-2.629112
6.679873,-2.631855
6.699434,-2.635815
6.72027,-2.631645
6.739386,-2.639332
6.75975,-2.63718
6.781754,-2.637974
6.801194,-2.642658
6.819235,-2.638451
6.841889,-2.641724
6.861239,-2.646187
6.882257,-2.641174
6.901753,-2.645111
6.922258,-2.644196
6.94252,-2.644264
6.963219,-2.653049
6.981243,-2.653439
7.002265,-2.649197
7.021235,-2.655556
7.043792,-2.653984
7.063267,-2.658466
7.081233,-2.660526
7.10322,-2.662346
7.124266,-2.65873
7.143784,-2.662109
7.163196,-2.666962
7.184268,-2.662292
7.203781,-2.669018
7.223196,-2.671326
7.244256,-2.668221
7.265221,-2.673992
7.283222,-2.677429
7.30588,-2.675739
7.32524,-2.680237
7.343272,-2.680481
7.365888,-2.686054
7.386372,-2.691242
7.405343,-2.701488
7.426269,-2.706112
7.445756,-2.716953
7.465247,-2.727867
7.486264,-2.730244
7.507236,-2.74461
7.525252,-2.750423
7.547759,-2.757065
7.567241,-2.763672
7.585232,-2.768696
7.607762,-2.772377
7.627297,-2.777821
7.648255,-2.778927
7.667763,-2.783482
7.688004,-2.786266
7.707284,-2.791672
7.728257,-2.792511
7.747768,-2.798943
7.769521,-2.802967
7.788383,-2.803421
7.807223,-2.81216
7.82977,-2.813511
7.849211,-2.820869
7.870254,-2.822601
7.889761,-2.829792
7.909229,-2.836811
7.93026,-2.838367
7.949771,-2.845261
7.969213,-2.8517
7.990259,-2.854156
8.011208,-2.862637
8.029216,-2.867016
8.051781,-2.872234
8.071194,-2.878551
8.089205,-2.881943
8.111773,-2.884552
8.13119,-2.891582
8.152276,-2.891605
8.171767,-2.896873
8.191166,-2.902378
8.212259,-2.90382
8.2332,-2.90958
8.251231,-2.914413
8.272379,-2.915054
8.293218,-2.922085
8.311228,-2.92577
8.333821,-2.927975
8.353237,-2.933193
8.374282,-2.934673
8.393808,-2.940189
8.413244,-2.945904
8.434265,-2.94577
8.4538,-2.95034
8.473245,-2.956829
8.494392,-2.957069
8.51353,-2.962635
8.535144,-2.96664
8.553208,-2.971958
8.57578,-2.973503
8.595235,-2.978485
8.613378,-2.980896
8.635796,-2.984482
8.655222,-2.988251
8.676285,-2.987926
8.695793,-2.993576
8.715202,-2.997383
8.736273,-2.998825
8.757274,-3.004173
8.775182,-3.007469
8.797279,-3.011024
8.815164,-3.014042
8.837239,-3.017342
8.855289,-3.021622
8.877794,-3.023552
8.897257,-3.027348
8.918414,-3.027699
8.937778,-3.032875
8.957439,-3.036491
8.978285,-3.038589
8.99779,-3.042351
9.017258,-3.047031
9.038284,-3.047535
9.059192,-3.05463
9.078281,-3.054409
9.099232,-3.060596
9.117254,-3.064144
9.13979,-3.063892
9.159207,-3.069382
9.1803,-3.070168
9.199784,-3.074852
9.219236,-3.081036
9.240287,-3.080601
9.259797,-3.084694
9.27921,-3.090675
9.300287,-3.090218
9.321209,-3.097153
9.33926,-3.099678
9.36178,-3.101128
9.381256,-3.107025
9.399249,-3.111046
9.421797,-3.112591
9.441253,-3.117989
9.46239,-3.118958
9.481785,-3.123814
9.501283,-3.12878
9.522452,-3.13036
9.541786,-3.135258
9.561362,-3.141273
9.582282,-3.141987
9.603227,-3.148441
9.621255,-3.151936
9.643816,-3.156456
9.663248,-3.160622
9.684296,-3.161991
9.703813,-3.167564
9.723331,-3.172417
9.744173,-3.174141
9.76453,-3.177536
9.783312,-3.184101
9.803922,-3.187302
9.823236,-3.192581
9.844326,-3.195049
9.865254,-3.20018
9.883388,-3.205534
9.905787,-3.20891
9.925257,-3.213411
9.946298,-3.214846
9.965838,-3.22093
9.985389,-3.225622
10.006289,-3.227711
10.025819,-3.233419
10.045256,-3.240652
10.066302,-3.240982
10.087271,-3.248304
10.105182,-3.248398
10.127828,-3.257786
10.147234,-3.263426
10.167662,-3.265491
10.188287,-3.269108
10.207806,-3.27475
10.227257,-3.279512
10.248286,-3.283899
10.267792,-3.288824
10.288286,-3.292974
10.309273,-3.299017
10.327267,-3.3039
10.348399,-3.30608
10.369445,-3.313431
10.389791,-3.317644
10.407681,-3.32266
10.429314,-3.328501
10.449912,-3.331419
10.470293,-3.335531
10.489308,-3.342159
10.513261,-3.349771
10.534294,-3.352222
10.555235,-3.359476
10.573256,-3.363522
10.595806,-3.367113
10.615211,-3.37459
10.633316,-3.378584
10.655195,-3.382902
10.675686,-3.386877
10.696305,-3.392262
10.715192,-3.399988
10.735683,-3.403736
10.756292,-3.407059
10.777308,-3.414366
10.795334,-3.41923
10.816298,-3.421892
10.83729,-3.429596
10.855222,-3.433989
10.877797,-3.438058
10.897375,-3.445515
10.918291,-3.448739
10.937834,-3.455253
10.957283,-3.461177
10.978306,-3.464614
10.997818,-3.469685
11.017303,-3.47638
11.039318,-3.483064
11.058296,-3.484177
11.079233,-3.493494
11.09726,-3.49875
11.119816,-3.50372
11.139247,-3.510982
11.160293,-3.513825
11.179898,-3.519665
11.199238,-3.526132
11.220303,-3.529064
11.239798,-3.535213
11.259171,-3.541705
11.279673,-3.545918
11.301295,-3.553115
11.319169,-3.558953
11.339684,-3.562443
11.361299,-3.57037
11.381801,-3.573878
11.401235,-3.580073
11.422293,-3.583261
11.441822,-3.588562
11.461232,-3.596534
11.482306,-3.59949
11.501805,-3.606638
11.521222,-3.614363
11.542305,-3.616928
11.563219,-3.624145
11.581235,-3.630867
11.603215,-3.635738
11.62125,-3.639675
11.643826,-3.64472
11.663214,-3.652756
11.684312,-3.656573
11.703826,-3.662278
11.724311,-3.666717
11.743822,-3.672872
11.763216,-3.680178
11.784309,-3.682162
11.805246,-3.690744
11.823219,-3.69819
11.84581,-3.702837
11.865214,-3.7083
11.886309,-3.714416
11.905797,-3.726589
11.92524,-3.733427
11.946298,-3.727719
11.965801,-3.713981
11.986295,-3.693329
12.005816,-3.674188
12.025217,-3.671821
12.046329,-3.69979
12.067233,-3.79453
12.085242,-3.932621
12.1078,-4.19311
12.127233,-4.531415
12.145233,-4.959157
12.1678,-5.479869
12.187232,-6.072412
12.208305,-6.720828
12.227802,-7.405765
12.24724,-8.095194
12.268297,-8.770334
12.289234,-9.455353
12.307236,-9.956993
12.329803,-10.475164
12.349255,-10.837061
12.369561,-11.09569
12.389803,-11.244848
12.4103,-11.293055
12.429332,-11.236872
12.4498,-11.110629
12.470296,-10.919835
12.48932,-10.668551
12.511181,-10.368797
12.530304,-10.125684
12.549316,-9.841305
12.571179,-9.559294
12.591827,-9.343928
12.609303,-9.176083
12.631188,-9.024005
12.651806,-8.937267
12.672298,-8.895464
12.691194,-8.882124
12.711822,-8.914968
12.7323,-8.972852
12.751201,-9.038337
12.773307,-9.129703
12.792301,-9.209526
12.811177,-9.277555
12.833307,-9.342455
12.853846,-9.381832
12.87418,-9.394961
12.893316,-9.370014
12.913835,-9.325737
12.934196,-9.250364
12.953282,-9.139801
12.975188,-8.994518
12.994207,-8.863499
13.013294,-8.691931
13.035189,-8.494038
13.055697,-8.310531
13.073286,-8.138748
13.09519,-7.932272
13.115702,-7.752663
13.136306,-7.582838
13.155187,-7.412672
13.175695,-7.263054
13.196307,-7.124864
13.215203,-6.992927
13.235687,-6.880392
13.256311,-6.777294
13.275211,-6.681117
13.295698,-6.597408
13.317839,-6.513013
13.335194,-6.445037
13.355706,-6.379689
13.377831,-6.310915
13.39819,-6.250002
13.418438,-6.190726
13.437832,-6.130558
13.4582,-6.073059
13.478438,-6.015115
13.499196,-5.94868
13.518202,-5.898649
13.538451,-4.8478
13.559188,-4.857781
13.579688,-4.932975
13.599953,-5.047393
13.619191,-5.186675
13.639707,-5.335908
13.659966,-5.479432
13.679191,-5.607142
13.699694,-5.714581
13.719954,-5.789129
13.739191,-5.831269
13.759712,-5.842049
13.781316,-5.815679
13.799194,-5.76812
13.819693,-5.697433
13.841331,-5.593837
13.862192,-5.491721
13.882448,-5.384146
13.901329,-5.273437
13.922204,-5.175751
13.942473,-5.084553
13.96132,-5.001968
13.982205,-4.936553
14.00247,-11.887674
14.021322,-11.695757
14.042203,-10.961591
14.062457,-10.05199
14.081317,-8.824332
14.103692,-7.354142
14.123972,-6.008064
14.144341,-4.741807
14.163696,-3.633716
14.183965,-2.730326
14.204338,-2.063574
14.223736,-1.665542
14.245322,-1.518294
14.264321,-1.585531
14.283709,-1.858573
14.305326,-2.324322
14.325828,-2.844089
14.343697,-3.364153
14.365322,-4.012918
14.385825,-4.56084
14.406451,-5.044304
14.425326,-5.454387
14.445838,-5.745566
14.466463,-5.922799
14.485328,-6.002671
14.507213,-5.968542
14.52645,-5.854656
14.545338,-5.673439
14.567239,-5.407434
14.58795,-5.129275
14.605337,-4.873576
14.627226,-4.563851
14.647953,-4.301808
14.667219,-4.079288
14.687947,-3.895809
14.708319,-3.762941
14.727226,-3.688731
14.74795,-3.657034
14.768322,-3.665487
14.787222,-3.721026
14.809331,-3.807791
14.82983,-3.903976
14.847205,-4.002177
14.86935,-4.119329
14.889836,-4.216354
14.910327,-4.299338
14.929328,-4.370347
14.949834,-4.412816
14.970323,-4.434329
14.989367,-4.437408
15.011207,5.55912
15.030327,5.085639
15.049343,3.940296
15.071225,2.144027
15.091846,0.226576
15.109344,-1.577717
15.131209,-3.711071
15.151859,-5.454384
15.172332,-6.914259
15.191239,-8.010531
15.211831,-8.742938
15.232327,-9.097931
15.251209,-9.077003
15.273263,-8.713423
15.292329,-8.207214
15.311232,-7.435503
15.333266,-6.47662
15.353878,-5.572002
15.371206,-4.753213
15.393251,-3.838432
15.413858,-3.129975
15.434211,-2.55859
15.453262,-2.142733
15.473872,-1.919758
15.494207,-1.86187
15.513246,-1.949578
15.535208,-2.198543
15.554214,-2.491752
15.57329,-2.863468
15.595202,-3.31293
15.615726,-3.718793
15.63326,-4.054786
15.655231,-4.477377
15.679974,-4.72607
15.699199,-4.893332
15.719713,-4.992013
15.740066,-5.018407
15.759227,-4.969217
15.779808,-4.877761
15.799957,-4.72097
15.819231,-4.569641
15.839714,-4.394459
15.861352,-4.19427
15.88184,-4.030364
15.899229,-3.895825
15.919703,-3.775818
15.941352,-3.676663
15.962212,-3.628525
15.982472,-3.605229
16.001356,-12.607078
16.022202,-12.376167
16.042465,-11.540747
16.061363,-10.260141
16.082209,-8.699423
16.102461,-6.992919
16.123392,-5.113698
16.141277,-3.675827
16.163965,-2.14629
16.181366,3.957004
16.203878,-0.267764
16.223349,0.167731
16.243998,0.284009
16.263359,0.090859
16.284348,-0.321621
16.303864,-0.9311
16.32325,-1.661077
16.344345,-2.430559
16.36528,-3.302377
16.384363,-3.947621
16.405293,-4.658195
16.423258,-5.12252
16.44585,-5.527189
16.465244,-5.751665
16.486456,-5.81564
16.505571,-5.763271
16.525871,-5.596663
16.546474,-5.339725
16.565563,-5.031702
16.586351,-4.682183
16.607344,-4.297381
16.625273,-3.990284
16.647856,-3.655629
16.667406,-3.409142
16.685463,-3.24
16.707859,-3.102467
16.727411,-3.04995
16.748001,-3.051744
16.768351,-3.107266
16.787262,-3.216376
16.807728,-3.34557
16.828089,1.487587
16.848349,-3.649312
16.867386,-3.803926
16.889402,-3.954907
16.908352,0.935344
16.927275,-4.147836
16.947723,-4.205813
16.969364,-4.237566
16.989851,-4.23345
17.010221,-3.210588
17.030476,-3.222538
17.049402,-3.288417
17.069857,-3.397964
17.090349,-3.503211
17.109394,-3.634687
17.131269,-3.77488
17.151867,-3.886965
17.169405,-3.97609
17.191267,-4.057838
17.21203,-4.104892
17.231287,-4.126557
17.25235,-4.12187
17.271852,-4.098102
17.291248,-4.0555
17.312346,-4.001515
17.333282,-3.932656
17.351276,-3.871328
17.372349,-3.806238
17.393417,-3.741912
17.411373,-3.6953
17.433903,-3.650826
17.453289,-3.622416
17.474392,-3.605498
17.493887,-3.599668
17.513273,-3.60445
17.534374,-3.61665
17.555277,-3.639326
17.573296,-3.660775
17.595379,-3.689271
17.615734,-3.714453
17.63345,-3.736901
17.65526,-3.760662
17.67573,-3.777051
17.696106,-3.787998
17.716372,-3.794568
17.735365,-3.796033
17.755741,-3.791822
17.776373,-3.785553
17.795864,-3.776052
17.815277,-3.763995
17.836493,-3.750769
17.857391,-3.738153
17.875395,-3.72773
17.897858,-3.7158
17.915731,-3.707498
17.937878,-3.701137
17.95834,-3.697572
17.978495,-3.695991
17.997379,-3.697591
18.017862,9.068913
18.038246,7.900083
18.058493,5.965813
18.079268,3.27247
18.098553,0.844336
18.119377,-2.11887
18.137331,-4.382848
18.160053,-6.784506
18.179266,-8.491133
18.199757,-9.710882
18.220171,-10.416628
18.239275,-10.604343
18.260357,-10.385616
18.279865,-9.753336
18.299274,-8.829601
18.320374,-7.752655
18.341299,-6.404305
18.35928,-5.30394
18.380362,-4.034267
18.399372,-3.084911
18.419754,-2.217054
18.442083,-1.507311
18.462381,-1.107868
18.481899,-0.93239
18.502264,-0.991638
18.522512,-1.239544
18.541372,-1.628052
18.562256,-2.143024
18.582508,-2.709208
18.601376,-3.277418
18.623253,-3.881617
18.643774,-4.372953
18.664036,-4.779499
18.681412,-5.052763
18.703279,-5.274799
18.723783,-5.371742
18.744049,-5.368845
18.764395,-5.282766
18.783375,-5.114854
18.80397,-4.914288
18.82407,-4.677854
18.844393,-4.432463
18.86381,-4.183038
18.885592,-3.939252
18.905994,-3.756249
18.925409,-3.609509
18.943295,-3.516567
18.965904,-3.461273
18.985321,-3.445777
19.006411,-12.480916
19.0259,-12.136354
19.045338,-11.222591
19.066404,-9.908201
19.087368,-8.162374
19.10533,-6.637958
19.127863,-4.7993
19.148026,-3.270891
19.16544,-2.087183
19.187336,-0.946362
19.208164,-0.241413
19.228504,0.131153
19.24732,0.164958
19.267782,-0.06675
19.288399,-0.5184
19.307911,-1.148126
19.327444,-1.884489
19.3484,-2.650847
19.369335,-3.501251
19.388514,-4.123834
19.407316,-4.748579
19.429539,-5.275952
19.44993,-5.607134
19.470289,-5.7912
19.490545,-5.837582
19.509645,-5.767701
19.530411,-5.582383
19.549923,-5.298801
19.569328,-5.014851
19.590403,-4.666579
19.609543,-4.324463
19.631319,-3.966352
19.651777,-3.679375
19.672031,-3.445536
19.689558,-3.291674
19.711325,-3.174558
19.731932,-3.128669
19.751341,-3.148555
19.772413,-3.20728
19.792048,-3.316382
19.811331,-3.452818
19.832415,-3.595851
19.853355,-3.768109
19.871342,-3.897075
19.892523,-4.036005
19.913338,-4.144444
19.931349,-4.215145
19.953968,-4.265865
19.973349,-4.287796
19.994425,-4.276392
20.013975,-2.261916
20.033451,-2.36095
20.054016,-2.566583
20.074301,-2.845099
20.094549,-3.166256
20.113573,-3.501598
20.135439,-3.85073
20.155947,-4.131423
20.176064,-4.361125
20.193569,-4.513896
20.215935,-4.631221
20.235449,-4.669487
20.256418,-4.649609
20.275927,-4.578425
20.296425,-4.464537
20.315338,-4.322312
20.335814,-4.165949
20.356426,-4.003063
20.375355,-3.846522
20.396427,-5.697079
20.417524,-3.581118
20.435343,-3.503135
20.458109,-3.438006
20.477535,-3.408835
20.498524,-3.408385
20.51795,-3.430924
20.538298,-3.471689
20.558662,-3.526588
20.578062,-3.595044
20.598553,-3.654397
20.617453,-3.720003
20.639324,-3.783554
20.659801,-3.832215
20.680061,-3.870012
20.69746,-3.892312
20.7195,-3.904717
20.73979,-3.905911
20.760052,-3.894833
20.780443,-3.876211
20.799807,-3.845255
20.824446,-3.813941
20.843821,-3.782349
20.865559,-3.749526
20.884438,-3.72473
20.903412,-3.700486
20.925331,-3.681118
20.943335,-3.669706
20.966051,-3.663654
20.985439,-3.661585
21.005978,1.334071
21.025341,1.100458
21.046438,0.520054
21.066072,-0.305448
21.086557,-1.282655
21.105556,-2.316758
21.127323,-3.4256
21.147806,-4.338956
21.16535,-5.03682
21.187803,-5.696126
21.205359,-6.055343
21.227917,-6.283634
21.248409,-6.300289
21.267921,-6.146898
21.288414,-5.871448
21.30792,-5.489691
21.328527,-5.060136
21.347801,-4.592575
21.369572,-4.09482
21.388641,-3.727577
21.407328,-3.360205
21.427797,-3.080234
21.449669,-2.868333
21.46995,-2.766872
21.490416,-2.75037
21.510048,-2.799744
21.530415,-2.917101
21.549566,-3.074893
21.571287,-3.281869
21.59041,-3.46965
21.609556,-3.668185
21.631319,-3.875219
21.650406,-4.038692
21.671387,-4.165656
21.691885,-4.26119
21.712042,-4.318138
21.732409,-4.337801
21.751324,-4.319547
21.771795,-4.279842
21.792152,-4.219864
21.812592,-4.143883
21.831312,-4.054369
21.851788,-3.969229
21.872051,-10.880495
21.892416,-3.81724
21.911463,-3.756449
21.931805,-3.711557
21.953661,-3.681187
21.973967,-3.670059
21.993336,-3.672993
22.01395,-9.659176
22.034296,-9.283678
22.053347,-8.552335
22.073967,-7.581042
22.094292,-6.472333
22.113565,-5.31814
22.134293,-4.198411
22.153566,-3.188047
22.175501,-2.261956
22.195812,-1.632675
22.213335,-1.228564
22.235825,-1.055781
22.256422,-1.078717
22.275808,-1.286169
22.296423,-1.623053
22.316057,-2.069331
22.336424,-2.569222
22.355814,-3.099161
22.376423,-3.60049
22.395334,-4.071608
22.415798,-4.45872
22.437464,-4.789585
22.458057,-4.982733
22.478298,-5.081217
22.497337,-5.094782
22.518293,-5.017382
22.538561,-4.87526
22.55793,-4.688437
22.578299,-4.465502
22.598677,-4.228164
22.617453,-4.001372
22.639326,-3.766584
22.658327,-4.58246
22.677359,-3.455424
22.699947,-3.339187
22.719343,-3.28308
22.74007,-3.265488
22.759346,-3.289538
22.780066,-3.341237
22.800438,-3.416699
22.819336,-3.516167
22.839819,-3.614853
22.861464,-3.728959
22.880436,-3.811722
22.899342,-3.897508
22.919947,-3.964123
22.9417,-4.017604
22.96196,-4.044415
22.979826,-4.05209
23.001358,-12.043731
23.021967,-11.78169
23.042334,-10.956131
23.062592,-9.718077
23.081587,-8.224049
23.10195,-6.603821
23.122332,-4.978249
23.142593,-3.456012
23.161583,-2.132426
23.183844,-0.965971
23.204237,-0.221351
23.221584,0.158765
23.243416,0.292764
23.26387,0.132967
23.284117,-0.253769
23.304476,-0.810536
23.323357,-1.507085
23.343855,-2.234415
23.365471,-3.052374
23.38448,-3.663121
23.403328,-4.291789
23.423859,-4.785414
23.445461,-5.185129
23.465963,-5.393166
23.486345,-5.462166
23.506609,-5.407659
23.525499,-5.253635
23.545961,-5.006502
23.56633,-4.70057
23.585484,-4.370475
23.60634,-4.021617
23.626598,-3.692877
23.645596,-3.405173
23.66736,-3.142456
23.687828,-2.959951
23.7082,-2.841602
23.728451,-2.788357
23.747448,-2.801767
23.767828,-2.855343
23.78808,-2.950294
23.808342,-3.076012
23.828335,-3.22023
23.848454,-3.370646
23.867373,-3.523268
23.887836,-3.654678
23.909611,-3.778151
23.930143,-3.859716
23.950464,-3.913157
23.970594,-3.941152
23.98962,-3.94717
24.009977,7.066303
24.03034,6.525823
24.050592,5.254425
24.069471,3.455638
24.091385,1.126117
24.110353,-1.098431
24.130606,-3.042633
24.149622,-4.989155
24.171371,-6.771282
24.19186,-7.990095
24.21212,-8.788442
24.232592,-9.172361
24.251396,-9.140541
24.272129,-8.795477
24.292376,-8.166677
24.31139,-7.316729
24.331861,-6.371858
24.353487,-5.264903
24.372505,-4.398516
24.391356,-3.469072
24.411879,-2.686482
24.433489,-1.997369
24.454016,-1.580994
24.474377,-1.355834
24.494623,-1.316135
24.513628,-1.437742
24.534075,-1.710519
24.554142,-2.081868
24.574482,-2.523464
24.593613,-2.982842
24.613619,-3.440863
24.635511,-3.908236
24.655851,-4.272081
24.676193,-4.562483
24.69364,-4.744763
24.715532,-4.878652
24.735878,-4.916237
24.756134,-4.880823
24.776478,-4.782116
24.795546,-4.626081
24.815893,-4.447557
24.836485,-4.254108
24.856636,-4.056245
24.875402,-3.86166
24.895885,-3.700908
24.91754,-3.551532
24.93811,-3.458063
24.955624,-3.399907
24.976072,-3.374907
24.997944,-3.382106
25.018389,-15.268694
25.038652,-14.369836
25.057737,-12.808133
25.078194,-10.796843
25.09866,-8.533979
25.118401,-6.216733
25.138657,-4.013175
25.157948,-2.060802
25.179546,-0.313772
25.200191,0.852082
25.220192,1.567829
25.240522,1.855616
25.259447,1.708192
25.279964,1.231709
25.300217,0.480896
25.320518,-0.453094
25.339483,-1.509379
25.360035,-2.555181
25.381676,-3.66516
25.400742,-4.457035
25.419493,-5.226822
25.439915,-5.789778
25.461699,-6.192213
25.481936,-6.34535
25.502419,-6.316647
25.52268,-6.132538
25.54167,-5.831027
25.561663,-5.428862
25.581696,-4.970413
25.602409,-4.484998
25.622683,-4.01133
25.641449,-3.587999
25.661573,-3.219501
25.683447,-2.910888
25.704136,-2.717489
25.724236,-2.619809
25.744581,-2.609233
25.76395,-2.685015
25.784227,-2.818745
25.804508,-3.000234
25.824596,-3.213656
25.84355,-3.448918
25.864103,-3.669189
25.885777,-3.899306
25.90346,-4.061062
25.923962,-4.199923
25.945837,-4.328318
25.971733,-4.364741
25.992062,-4.360742
26.009682,11.674166
26.031488,10.885622
26.051737,9.028358
26.071974,6.398554
26.092171,3.30641
26.112555,0.026366
26.131544,-3.1618
26.151976,-6.041422
26.172438,-8.451677
26.191486,-10.282871
26.211693,-11.52594
26.231689,-12.159025
26.251934,-12.209349
26.273586,-11.640205
26.293959,-10.681293
26.31443,-9.410603
26.334688,-7.946218
26.353762,-6.371872
26.374136,-4.845592
26.394413,-3.426085
26.414412,-2.193755
26.43442,-1.208458
26.454416,-8.450794
26.476034,-0.087412
26.496052,-0.012796
26.516001,-0.203845
26.536217,-0.627598
26.556561,-1.226099
26.576439,-1.928115
26.595459,-2.674242
26.61598,-3.42588
26.636053,-4.121874
26.656425,-4.728666
26.676165,-5.209641
26.696026,-5.552668
26.717587,-5.765444
26.738138,-5.818032
26.755527,-5.750629
26.776039,-5.588152
26.797995,-5.309163
26.818443,-5.003713
26.838793,-4.668872
26.858849,-4.327118
26.877951,-3.991528
26.898453,-3.709032
26.91876,-3.476531
26.937695,-3.291849
26.959482,-3.173946
26.9797,-3.134806
26.998701,-3.158214
27.02026,-3.224918
27.040491,-3.332174
27.05961,-3.461447
27.079975,-3.614223
27.100262,-3.770144
27.120628,-3.916564
27.140047,-4.045292
27.160244,-4.160561
27.181704,-4.241371
27.199409,-4.285943
27.220007,-4.313461
27.241699,-4.311745
27.262127,-4.287305
27.282536,-4.245616
27.302794,-4.189765
27.321695,-4.122854
27.341696,-4.056507
27.361696,-3.995459
27.381714,-3.938917
27.402485,-3.895456
27.422699,-3.862442
27.441729,-3.837248
27.463413,-3.828917
27.483978,-3.83532
27.504271,-3.853443
27.524534,-3.877767
27.54459,-3.908234
27.564028,-3.940557
27.584284,-3.978014
27.604546,-4.013677
27.624454,-4.044324
27.643465,-4.070034
27.663986,-4.093121
27.685724,-4.110518
27.705956,-4.121145
27.724003,-4.124739
27.745714,-4.122865
27.765957,-4.117907
27.785965,-4.107515
27.806702,-4.097435
27.825697,-4.083096
27.847528,-4.067652
27.866444,-4.058552
27.886795,-4.047407
27.905825,-4.036728
27.925959,-4.030122
27.945957,-4.024751
27.965981,-4.021191
27.988712,-4.022739
28.008909,-10.024466
28.027534,-9.757005
28.048195,-9.097178
28.068569,-8.151115
28.087528,-7.028799
28.107964,-5.830351
28.129761,-4.532919
28.14996,-3.447798
28.170202,-2.514719
28.187574,-1.781979
28.209963,-1.285758
28.230196,-1.021233
28.250195,-0.981696
28.270203,-1.140029
28.290194,-1.460615
28.310274,-1.904258
28.330589,-2.427908
28.350708,-2.98921
28.369789,-3.558245
28.391554,-4.126661
28.411961,-4.563678
28.432188,-4.910915
28.452694,-5.152415
28.471958,-5.2927
28.492445,-5.319695
28.51157,-5.25847
28.531902,-5.11072
28.553507,-4.878945
28.572437,-4.648771
28.591536,-4.379788
28.611959,-4.103259
28.633972,-3.820018
28.654106,-3.595335
28.674459,-3.41114
28.694719,-3.275934
28.713818,-3.197011
28.734043,-3.164034
28.75444,-3.174453
28.774708,-3.227399
28.793764,-3.316235
28.815512,-3.434112
28.835962,-3.552486
28.854753,-3.657526
28.873739,-3.777925
28.89547,-3.890073
28.915955,-3.972775
28.935959,-4.030362
28.956495,-4.065869
28.975447,-4.080605
28.995977,-4.069245
29.016277,-0.074275
29.036528,-0.330817
29.055462,-0.823749
29.076057,-1.476045
29.096491,-2.297522
29.116068,-2.992527
29.136053,-3.729647
29.155993,-4.386997
29.177702,-4.977917
29.198462,-5.369606
29.217972,-5.609334
29.238081,-5.700048
29.258444,-5.654102
29.278706,-5.492289
29.29775,-5.229799
29.319662,-4.871525
29.339956,-4.511206
29.360188,-4.142179
29.380436,-3.792715
29.399757,-3.477386
29.41996,-3.224224
29.441736,-3.017131
29.462086,-2.903372
29.479507,-2.859043
29.5,-2.872794
29.521727,-2.950519
29.541712,-3.065164
29.56249,-3.214356
29.581707,-3.376575
29.602545,-3.545877
29.621786,-3.704981
29.643496,-3.862619
29.662502,-3.972791
29.68276,-4.064463
29.701712,-4.123239
29.724028,-4.152719
29.74152,-4.149565
29.764,-4.120684
29.784508,-4.071492
29.803432,-4.004698
29.824064,-3.932784
29.844456,-3.858868
29.863523,-3.780798
29.884069,-3.716039
29.904537,-3.661427
29.925545,-3.611919
29.943563,-3.585464
29.965519,-3.570014
29.985975,-3.570238
30.006891,-5.583355
30.026241,-5.528466
30.046841,-5.341387
30.065651,-5.056131
30.0861,-4.70844
30.106457,-4.334716
30.125496,-3.961841
30.146465,-7.588709
30.16754,-3.299806
30.188206,-3.074924
30.205742,-2.932238
30.22768,-2.840613
30.248121,-2.827556
30.267502,-2.880211
30.288492,-2.979437
30.307533,-3.121052
30.328199,-3.284587
30.348576,-3.460947
30.367777,-3.639214
30.389896,-3.818079
30.407457,-3.946222
30.429964,-4.070258
30.450497,-4.148365
30.469965,-4.194843
30.490458,-4.206871
30.509962,-4.191819
30.530453,-4.15009
30.549997,-4.090638
30.57044,-4.014576
30.591534,-3.927319
30.610462,-3.853258
30.631504,-3.771174
30.652021,-3.705436
30.669556,-7.653298
30.691956,-3.616417
30.711382,-3.59487
30.731955,-3.586491
30.752209,-3.594349
30.772568,-3.612251
30.791687,-3.643296
30.811956,-3.67734
30.831476,-3.717677
30.853508,-3.761308
30.871429,-3.795806
30.891958,-3.826655
30.913733,-3.857162
30.934162,-3.878604
30.954557,-3.889326
30.973495,-3.896404
30.994549,-3.894234
31.013563,-0.904251
31.034454,-1.095966
31.05353,-1.47337
31.074154,-1.983093
31.094439,-2.565619
31.117479,-3.291601
31.139519,-3.919876
31.159994,-4.419811
31.180241,-4.824415
31.1994,-5.115067
31.220013,-5.290982
31.240305,-5.349978
31.259445,-5.300768
31.280289,-5.163626
31.29945,-4.95059
31.320257,-4.696941
31.340601,-4.383084
31.361462,-4.094904
31.379477,-3.850832
31.402014,-3.591299
31.422461,-3.400467
31.441929,-3.258276
31.462454,-3.17333
31.481743,-3.140801
31.502083,-3.157124
31.522463,-3.216425
31.542727,-3.307588
31.56172,-3.420351
31.58246,-3.550289
31.601713,-3.680717
31.623993,-3.817753
31.644287,-3.928333
31.664509,-4.019168
31.683994,-4.086235
31.703478,-4.128805
31.724552,-4.151209
31.743996,-4.146358
31.764557,-4.125019
31.783995,-4.084288
31.804308,-4.032475
31.823462,-3.974916
31.84597,-3.909824
31.863453,-3.856516
31.886024,-3.801476
31.905491,-3.757132
31.925974,-3.726055
31.945503,-3.701982
31.965988,-3.692104
31.985533,-3.691525
32.006046,-1.699623
32.026466,-1.791049
32.046299,-2.028054
32.066559,-2.37512
32.086819,-2.784665
32.105877,-3.223671
32.127525,-3.70006
32.14547,-4.095312
32.166012,-4.396519
32.187984,-4.686329
32.207573,-4.857016
32.228512,-4.948097
32.247585,-4.953016
32.268028,-4.888525
32.287521,-4.760443
32.308464,-4.595066
32.327549,-4.395478
32.349976,-4.170853
32.367569,-3.985441
32.389977,-3.783043
32.410484,-3.629673
32.427982,-3.517849
32.449848,-3.424079
32.470474,-3.381735
32.490089,-3.373903
32.510822,-3.403677
32.530003,-3.46211
32.549515,-3.531117
32.570576,-3.622711
32.59145,-3.723375
32.610466,-3.809099
32.631409,-3.902781
32.65197,-3.977685
32.672222,-4.038095
32.692467,-4.07903
32.711632,-4.101294
32.732052,-4.108686
32.751507,-4.09919
32.771984,-4.077971
32.791553,-4.044696
32.81348,-4.001532
32.831623,-3.964334
32.852196,-3.921539
32.874149,-3.878244
32.893581,-3.842493
32.914238,-3.815681
32.934841,-3.795904
32.954082,-3.781685
32.973534,-3.776659
32.994614,-3.7801
33.015461,-18.661064
33.033543,-17.736729
33.054493,-15.85778
33.075527,-13.059935
33.093548,-10.436718
33.115799,-7.12035
33.136005,-4.223567
33.15546,-1.628333
33.176498,0.556597
33.196003,2.191229
33.216251,3.25306
33.236618,3.741254
33.255711,3.640712
33.276161,3.069957
33.296597,2.105124
33.317722,0.697214
33.335434,-0.582304
33.358017,-2.170887
33.376007,-3.428459
33.398022,-4.809397
33.418774,-5.835383
33.437828,-6.645956
33.45816,-7.156257
33.478592,-7.391094
33.498096,-7.376697
33.517559,-7.148277
33.53849,-6.708086
33.559711,-6.083193
33.57753,-5.491397
33.600014,-4.719657
33.620399,-4.033894
33.639587,-3.411918
33.660336,-2.86482
33.679535,-2.446989
33.700581,-2.141448
33.720001,-1.984088
33.740234,-1.945174
33.760498,-2.021739
33.781567,-2.230988
33.79961,-2.45762
33.821995,-2.782967
33.839603,-3.077412
33.862118,-3.422511
33.879425,2.285395
33.900066,-3.951408
33.921909,-4.18094
33.942604,-4.318661
33.962002,-4.403412
33.981571,-4.426233
34.002125,10.613871
34.022762,10.345824
34.04187,9.012984
34.062931,6.855038
34.083477,3.846817
34.102905,1.150942
34.121895,-1.861169
34.144051,-4.919248
34.164516,-7.291489
34.184162,-9.162264
34.203487,-10.472294
34.224628,-11.247601
34.243538,-11.421337
34.264622,-11.127911
34.285561,-10.259844
34.303425,-9.26873
34.326004,-7.842136
34.345577,-6.412306
34.366241,-4.993128
34.385658,-3.624353
34.406403,-2.43745
34.426613,-1.454428
34.446102,-0.72217
34.466499,-0.282098
34.485943,-0.108632
34.50761,-0.220133
34.526493,-0.527618
34.545544,-1.023751
34.568008,-1.723392
34.587585,-2.41866
34.608021,-3.127474
34.627735,-3.791392
34.648483,-4.388365
34.668262,-4.87023
34.688374,-5.229165
34.708572,-5.457148
34.729496,-5.541642
34.747505,-5.511885
34.768578,-14.365858
34.789528,-5.140341
34.807655,-4.891768
34.830006,-4.5555
34.850525,-4.240662
34.870007,-3.929443
34.889645,-3.650542
34.910534,-3.427752
34.930027,-3.248638
34.949543,-3.130804
34.970497,-3.081265
34.991547,-3.07868
35.010498,-17.118406
35.029533,-16.474833
35.05209,-14.772147
35.071884,-12.567024
35.092499,-9.991995
35.111473,-7.286867
35.132675,-4.647925
35.152611,-2.245162
35.172009,-0.214554
35.191586,1.351403
35.212513,2.413552
35.233528,2.945328
35.252716,2.963768
35.272091,2.509758
35.294098,1.597526
35.31348,0.486203
35.331474,-0.636886
35.353764,-2.057851
35.374088,-3.307048
35.394501,-4.444127
35.413555,-5.430521
35.434498,-6.169328
35.455521,-6.731226
35.473511,-6.9577
35.494633,-6.978433
35.515472,-6.787351
35.533531,-6.468688
35.556019,-5.934432
35.575569,-5.372837
35.596546,-4.763713
35.616127,-4.168958
35.636673,-3.611469
35.655849,-3.139114
35.676285,-2.754846
35.695484,-2.494231
35.716549,-2.330681
35.735661,-2.299563
35.756615,-2.355071
35.77602,-2.510841
35.79808,-2.751594
35.815624,-2.993056
35.838116,-3.304145
35.856037,-3.563281
35.878002,-3.859255
35.898548,-4.091008
35.918755,-4.27954
35.938141,-4.420228
35.957516,-4.505875
35.978611,-4.524745
35.999485,-4.503123
36.017563,7.457654
36.039783,6.53443
36.058769,5.133734
36.079479,2.868157
36.097507,-6.473231
36.120026,-1.874527
36.140591,-4.155689
36.159409,-6.158195
36.180336,-7.805571
36.199532,-9.002575
36.22047,-9.756134
36.241535,-10.034031
36.259415,-9.778049
36.283581,-9.250813
36.305984,-8.317823
36.326504,-7.282129
36.345718,-6.134144
36.366604,-5.001518
36.38615,-3.901007
36.405636,-2.916067
36.426605,-2.114031
36.447224,-1.510932
36.465752,-1.108337
36.486492,-0.955286
36.507629,-1.013926
36.526775,-1.243945
36.547485,-1.661183
36.565586,-9.159693
36.587536,-2.695471
36.608589,-3.257395
36.628132,-3.780471
36.648727,-4.256496
36.668015,-4.641595
36.688507,-4.939866
36.709538,-5.134645
36.727512,-5.206742
36.748596,-5.193247
36.76955,-5.084906
36.787579,-4.934007
36.810249,-4.702118
36.829639,-4.452375
36.849995,-4.201262
36.869633,-3.955399
36.890484,-3.740453
36.910233,-3.553579
36.929596,-3.405487
36.950497,-3.314705
36.970749,-3.267404
36.989864,-3.258938
37.012001,-0.308706
37.029613,-0.522639
37.052048,-1.029568
37.071579,-1.648535
37.092491,-2.359423
37.112385,-3.089985
37.131454,-3.788588
37.152229,-4.422623
37.1726,-4.948439
37.191513,-5.334787
37.213604,-5.605906
37.231476,-5.700451
37.254021,-5.677611
37.27356,-5.531401
37.294525,-5.311672
37.314102,-5.018246
37.333508,-4.686735
37.354626,-4.359467
37.374084,-4.031637
37.393501,-3.735927
37.414623,-3.500787
37.435577,-3.295761
37.453571,-3.191248
37.476089,-3.135602
37.495461,-3.143492
37.513611,-3.209932
37.53598,-3.310887
37.556461,-3.447456
37.57613,-3.598835
37.596493,-3.759525
37.616112,-3.910514
37.635445,-4.05101
37.656586,-4.173359
37.677513,-4.270548
37.696228,-4.33012
37.717983,-4.36626
37.737469,-4.370312
37.75544,-4.354935
37.777977,-4.314713
37.797501,-4.258726
37.818497,-4.197815
37.837975,-4.127545
37.857681,-4.060342
37.878719,-4.001787
37.899441,-3.938284
37.917442,-3.901178
37.938545,-3.873035
37.957664,-3.854013
37.980064,-3.849333
37.999569,-3.855218
38.020584,-22.636822
38.040054,-21.156807
38.059399,-18.595596
38.080204,-15.287725
38.100685,-11.578421
38.119987,-7.407743
38.1394,-4.147945
38.160484,-0.883751
38.181774,2.028606
38.199554,3.803694
38.222141,5.163134
38.241486,5.58438
38.261982,5.344125
38.282547,4.501139
38.302746,3.182517
38.321697,1.510982
38.342484,-0.274855
38.362019,-2.133579
38.381615,-3.889547
38.402534,-5.411058
38.423382,-6.822283
38.441437,-7.661926
38.464062,-8.295084
38.48344,-8.53442
38.50177,-8.432302
38.524006,-8.077178
38.543476,-7.49711
38.56461,-6.731514
38.584011,-5.887169
38.604134,-5.00053
38.623589,-4.145478
38.644127,-3.347534
38.665577,-2.61727
38.683468,-2.148361
38.705978,-1.748116
38.725597,-1.571774
38.743511,-1.547238
38.766113,-1.661756
38.785469,-1.910154
38.806747,-2.216718
38.825974,-2.609651
38.845566,-3.019731
38.86636,-3.412054
38.886707,-3.777033
38.905811,-4.106534
38.926517,-4.35215
38.94556,-4.535838
38.96743,-4.636184
38.985451,-4.647101
39.008106,11.420183
39.027843,10.810627
39.048542,9.124868
39.068085,6.63961
39.087467,3.669134
39.109535,0.17133
39.129982,-2.964085
39.150467,-5.79107
39.17025,-8.148975
39.190468,-9.959396
39.210056,-11.167351
39.229584,-11.777792
39.250519,-11.836403
39.271717,-11.266367
39.289471,-10.420748
39.311989,-9.059767
39.331596,-7.603622
39.352467,-6.096611
39.37207,-4.579096
39.391563,-3.16852
39.412113,-1.966665
39.43261,-1.008868
39.451771,-0.31568
39.473488,0.092739
39.491413,0.163671
39.513611,-0.044692
39.532475,-0.424595
39.553738,-1.063033
39.571533,-1.690039
39.594315,-2.517754
39.61367,-3.254807
39.634598,-3.949225
39.654278,-4.541727
39.673519,-5.010958
39.695484,-5.377386
39.714363,-5.558478
39.733566,-5.609283
39.75449,-5.555399
39.775452,-5.354759
39.793449,-5.10944
39.816143,-4.79859
39.836456,-4.468073
39.85537,-4.120406
39.876091,-3.80901
39.895428,-3.525375
39.916569,-3.30692
39.937637,-3.119905
39.955547,-3.02916
39.977753,-2.990072
39.998104,-3.013361
40.018429,-13.000547
40.037571,-12.365563
40.058453,-11.17188
40.078121,-9.575569
40.097469,-7.746896
40.118542,-5.845372
40.137962,-4.014311
40.157455,-2.371193
40.178539,-0.99124
40.199387,0.123832
40.217468,0.715315
40.239971,1.033694
40.259644,0.942783
40.280186,0.559231
40.299446,-0.075431
40.320107,-0.855627
40.339745,-1.741222
40.360023,-2.64774
40.380512,-3.515889
40.401463,-4.388788
40.419426,-4.974518
40.44202,-5.514591
40.459957,-5.804495
40.481499,-5.974138
40.502388,-5.948688
40.522625,-5.790832
40.541973,-5.527444
40.561478,-5.180921
40.582455,-4.777459
40.603439,-4.323165
40.621723,-3.954843
40.642567,-3.578564
40.663513,-3.243927
40.681499,-3.029331
40.704014,-2.85207
40.72414,-2.777441
40.743473,-2.783868
40.764114,-2.848556
40.784542,-2.972842
40.804485,-3.139974
40.823898,-3.33799
40.845615,-3.566084
40.864525,-3.741465
40.885521,-3.948219
40.903584,-4.091227
40.925579,-4.228039
40.94648,-4.310063
40.966587,-4.35291
40.985538,-4.366519
41.006084,-5.33954
41.025497,-5.249327
41.046467,-5.063042
41.06752,-4.787013
41.085575,-4.524084
41.107422,-4.190012
41.126587,-3.919621
41.145603,-3.652327
41.1674,-3.40524
41.18808,-3.232178
41.20845,-3.116801
41.228058,-3.061643
41.247456,-3.062343
41.268539,-3.10183
41.288044,-3.18856
41.308479,-3.299743
41.327545,-3.435212
41.349567,-3.586391
41.36768,-3.707147
41.389973,-3.841233
41.407848,-3.939987
41.430054,-4.018583
41.449589,-4.071161
41.469982,-4.094851
41.490463,-4.093294
41.509613,-4.070101
41.531502,-4.021115
41.55072,-3.965195
41.569668,-3.900486
41.591389,-3.824094
41.612457,-3.751993
41.631973,-3.690407
41.651577,-3.63654
41.672054,-3.591704
41.692451,-3.559415
41.711365,-3.543322
41.733509,-3.537446
41.751381,-3.544185
41.773537,-3.559663
41.791386,-3.583513
41.814053,-3.61156
41.833519,-3.642775
41.854462,-3.673487
41.874088,-3.701675
41.893452,-3.726906
41.914494,-3.745313
41.933514,-3.761545
41.954258,0.231574
41.974339,-3.769492
41.993427,-3.766436
42.015388,-2.764696
42.035965,-2.820119
42.053574,-2.939782
42.075455,-3.100617
42.096485,-3.285328
42.115372,-3.479101
42.13596,-3.668333
42.156498,-3.837215
42.175846,-3.979306
42.196552,-4.086822
42.215599,-4.156826
42.237576,-4.190835
42.255463,-4.187051
42.277996,-4.147587
42.297466,-4.086255
42.318466,-4.009076
42.338276,-3.921028
42.358608,-3.832032
42.377758,-3.744017
42.39941,-3.659197
42.418461,-3.601621
42.439533,-3.547433
42.459942,-3.518331
42.480095,-3.505599
42.499371,-3.509449
42.519852,-3.525903
42.540085,-3.556026
42.559528,-3.592333
42.579956,-3.634387
42.600597,-3.677666
42.621456,-3.723892
42.6394,-3.7576
42.659855,-3.789681
42.681625,-3.818263
42.699608,-3.834003
42.722069,-3.847205
42.741447,-3.848361
42.762001,-3.844471
42.782421,-3.834299
42.801411,-3.820523
42.822453,-3.805231
42.842739,-3.787707
42.861504,-3.770057
42.882446,-3.755742
42.902718,-3.743478
42.92168,-3.732274
42.943893,-3.725595
42.964161,-3.722352
42.984535,-3.724445
43.003914,2.273326
43.024239,2.125123
43.043453,1.543974
43.064472,0.624993
43.084003,-0.511212
43.105515,-1.879406
43.12458,-3.006378
43.143913,-4.174456
43.1656,-5.283589
43.186298,-6.083277
43.203903,-6.591634
43.225658,-6.942032
43.246586,-7.027784
43.266052,-6.889215
43.285488,-6.573383
43.306004,-6.134707
43.326607,-5.605514
43.345768,-5.014918
43.367477,-4.372262
43.385967,-3.88307
43.408146,-3.35521
43.42852,-2.972608
43.447632,-2.688245
43.468433,-2.531205
43.488617,-2.476663
43.507435,-2.517024
43.528507,-2.653603
43.547897,-2.846986
43.569714,-3.11617
43.58852,-3.360993
43.607586,-3.63135
43.630028,-3.914931
43.650509,-4.14465
43.669735,-4.327158
43.690159,-4.466464
43.71051,-4.552143
43.729671,-4.584076
43.750019,-4.574461
43.770508,-4.526495
43.789673,-4.438863
43.810028,-4.322813
43.829494,-4.213564
43.8521,-4.081916
43.871872,-3.962574
43.892181,-3.857393
43.91254,-3.772864
43.9314,-3.702541
43.952007,-3.661983
43.972614,-3.641959
43.991428,-3.640821
44.012486,-6.655958
44.033413,-6.481504
44.052471,-6.180363
44.071552,-5.72615
44.093491,-5.143323
44.114124,-4.589715
44.134357,-4.051695
44.153595,-3.564399
44.174149,-3.157792
44.1945,-2.848396
44.213459,-2.647913
44.234661,-2.550627
44.255699,-2.566031
44.273819,-2.652975
44.295391,-2.837774
44.315872,-3.05769
44.336479,-3.305725
44.355541,-3.573267
44.375965,-3.825535
44.396469,-4.056369
44.41552,-4.256706
44.436504,-4.405555
44.455994,-4.511416
44.476486,-4.563877
44.497448,-4.570561
44.516491,-4.533663
44.535412,-4.462734
44.556023,-4.364197
44.578083,-4.235519
44.598427,-4.110916
44.617466,-3.990289
44.63855,-3.876671
44.658249,-3.779122
44.678715,-3.701299
44.699383,-3.64255
44.718464,-3.61627
44.738636,-3.60603
44.759411,-3.620584
44.779861,-3.650675
44.80011,-3.693656
44.819729,-3.74559
44.840481,-3.799172
44.860077,-3.855395
44.879414,-3.906747
44.900169,-3.950097
44.920464,-3.989885
44.939415,-4.010592
44.959862,-4.023959
44.981548,-4.026521
44.999405,-4.019578
45.021423,-3.020324
45.042465,-3.085493
45.061989,-3.203608
45.082348,-3.358333
45.102634,-3.533206
45.121544,-3.710943
45.142342,-3.880444
45.162632,-4.029485
45.181511,-4.149443
45.202473,-4.244396
45.223656,-4.293081
45.241467,-4.306814
45.264145,-4.290582
45.283413,-4.244766
45.303909,-4.178746
45.324478,-4.098878
45.343903,-4.009831
45.364159,-3.921963
45.384487,-3.836607
45.404121,-3.761962
45.425514,-3.692864
45.445984,-3.649448
45.463928,-3.62399
45.485535,-3.609819
45.505978,-3.612525
45.526596,-3.629958
45.545963,-3.655426
45.566605,-3.688986
45.585606,-3.726873
45.607536,-3.768264
45.626736,-3.801637
45.645527,-3.834928
45.667492,-3.864528
45.688091,-3.884673
45.708462,-3.896664
45.727966,-3.901284
45.748466,-3.899282
45.767498,-3.891023
45.788094,-3.877828
45.808613,-3.861387
45.827477,-3.840384
45.848083,-3.821543
45.867622,-3.802398
45.889484,-3.783316
45.910038,-3.768669
45.927376,-3.758144
45.949665,-3.750894
45.970207,-3.746731
45.990536,-3.746892
46.009628,-4.749151
46.029968,-4.709089
46.050526,-4.601224
46.06955,-4.445995
46.09153,-4.241997
46.109558,-4.064005
46.131546,-3.853449
46.152252,-3.677532
46.169632,-3.530634
46.191402,-3.417605
46.212044,-3.341181
46.231419,-3.301864
46.252602,-3.298653
46.271408,-3.330139
46.293438,-3.392475
46.312561,-3.457493
46.331535,-3.54553
46.353588,-3.64697
46.374119,-3.738045
46.394482,-3.818731
46.414185,-3.889812
46.43343,-3.945691
46.454124,-3.983954
46.47464,-4.00384
46.493439,-4.010571
46.51403,-3.998695
46.534355,-3.973804
46.553596,-3.941533
46.57542,-3.896089
46.59589,-3.853327
46.613522,-3.81469
46.635384,-3.769943
46.655869,-3.736851
46.67662,-3.709026
46.695385,-3.6885
46.715862,-3.67829
46.736637,-3.675433
46.757442,-3.680269
46.776817,-3.689094
46.795395,-3.706093
46.815872,-3.725407
46.837994,-3.74704
46.858376,-3.767747
46.878651,-3.786417
46.898209,-3.803632
46.918461,-3.816652
46.938725,-3.827446
46.958,-3.833483
46.978409,-3.835032
46.998779,-3.833754
47.019543,-2.847703
47.037548,-2.919258
47.060097,-3.067652
47.079407,-3.244404
47.099899,-3.437884
47.120129,-3.635247
47.139404,-3.82112
47.160027,-3.986364
47.180126,-4.119241
47.199509,-4.214464
47.220139,-4.273002
47.241722,-4.292419
47.259495,-4.276253
47.279922,-4.232556
47.301529,-4.1549
47.322029,-4.069562
47.342464,-3.977486
47.362885,-3.884511
47.381538,-3.794522
47.402512,-3.718593
47.422009,-3.655137
47.442356,-3.608744
47.462662,-3.579763
47.481678,-3.569936
47.503952,-3.577074
47.521633,-3.594045
47.543415,-3.628812
47.563965,-3.666277
47.584164,-3.708018
47.603592,-3.751155
47.624043,-3.791567
47.644337,-3.828923
47.664627,-3.85966
47.683937,-3.881742
47.705719,-3.897244
47.726128,-3.903317
47.746403,-3.902473
47.766628,-3.893495
47.7859,-3.880251
47.806606,-3.86408
47.82618,-3.844438
47.846611,-3.827278
47.865643,-3.807832
47.887459,-3.789931
47.905621,-3.777219
47.926666,-3.765674
47.945805,-3.758885
47.967564,-3.756643
47.988239,-3.756644
48.008507,-6.75966
48.027412,-6.653515
48.047989,-6.338554
48.068268,-5.874803
48.088524,-5.320034
48.107479,-4.722697
48.128601,-4.126889
48.14748,-3.578317
48.169754,-3.061965
48.190014,-2.700618
48.207897,-2.472931
48.230019,-2.321692
48.250515,-2.298966
48.269539,-2.382208
48.290073,-2.538273
48.310642,-2.756209
48.33147,-3.05247
48.350376,-3.301651
48.370625,-3.581354
48.391727,-3.870182
48.412025,-4.090711
48.429783,-4.253086
48.451607,-4.393623
48.472664,-4.461208
48.492043,-4.482224
48.511501,-4.453301
48.532677,-4.382089
48.551674,-4.282415
48.573624,-4.148396
48.592552,-4.026406
48.61153,-3.894615
48.633553,-3.758079
48.651527,-3.658113
48.674141,-3.55956
48.694393,-3.495447
48.713894,-3.458269
48.73415,-3.443779
48.754784,-3.450332
48.773506,-3.482269
48.794525,-3.523873
48.815506,-3.589426
48.835964,-3.649977
48.853825,-3.706233
48.876152,-3.769081
48.896534,-3.821401
48.915462,-3.866567
48.936142,-3.896159
48.955463,-3.915784
48.976601,-3.923001
48.996059,-3.92013
49.016949,1.049766
49.035492,0.693595
49.055916,0.037236
49.07811,-0.921781
49.097504,-1.909565
49.118187,-2.918501
49.138489,-3.878781
49.15876,-4.729362
49.178047,-5.420498
49.19849,-5.933116
49.218708,-6.245773
49.237637,-6.353575
49.25946,-6.277845
49.278584,-6.091478
49.299469,-5.712248
49.317532,-5.334446
49.3395,-4.822587
49.359947,-4.350416
49.380199,-3.897534
49.400555,-3.493566
49.419945,-3.155283
49.440205,-2.907122
49.460732,-2.749661
49.479481,-2.674927
49.501484,-2.696105
49.519497,-2.777461
49.539978,-2.924717
49.561703,-3.131209
49.582577,-3.347266
49.602089,-3.565585
49.621735,-3.77554
49.642437,-3.968284
49.662701,-4.127983
49.681717,-4.246182
49.703487,-4.331123
49.722572,-4.368073
49.742825,-4.368193
49.761723,-4.331603
49.784195,-4.264771
49.804256,-4.182168
49.824585,-4.088228
49.844193,-3.988428
49.863571,-3.888477
49.884418,-3.803522
49.903481,-3.72507
49.924011,-3.669847
49.945805,-3.625941
49.964588,-3.610753
49.984077,-3.605762
50.005711,-13.618593
50.0261,-13.278272
50.046711,-12.267028
50.066349,-10.766819
50.086891,-8.951784
50.10574,-6.984182
50.127602,-4.821526
50.146709,-3.173163
50.165646,-1.589384
50.187618,-0.208753
50.208237,0.661726
50.225746,1.096422
50.248108,1.215361
50.267597,0.949771
50.288502,0.421649
50.308586,-0.327564
50.327568,-1.231499
50.348213,-2.171484
50.368584,-3.110482
50.387974,-3.99932
50.409637,-4.840901
50.430077,-5.436875
50.450436,-5.857584
50.467957,-6.087614
50.490086,-6.165113
50.510696,-6.061998
50.530083,-5.834826
50.550575,-5.495064
50.569759,-5.090338
50.591545,-4.600152
50.610615,-4.186832
50.629723,-3.76102
50.651535,-3.346676
50.672096,-3.038702
50.691586,-2.819461
50.712212,-2.678239
50.732578,-2.623242
50.752102,-2.653929
50.772579,-2.744244
50.791733,-2.897051
50.813572,-3.104815
50.832619,-3.285357
50.851543,-3.503808
50.873741,-3.724976
50.891476,-3.887522
50.913666,-4.04962
50.934437,-4.156752
50.954742,-4.223064
50.973534,-4.258029
50.994324,-4.244153
51.01453,6.770535
51.034885,6.174888
51.053692,4.865041
51.075478,2.848713
51.093525,0.930197
51.11549,-1.518371
51.135944,-3.663785
51.1562,-5.581487
51.17662,-7.177156
51.195469,-8.363449
51.216072,-9.135319
51.236633,-9.486887
51.255737,-9.415644
51.275948,-9.011904
51.2976,-8.236651
51.316555,-7.440792
51.335712,-6.412707
51.357567,-5.249132
51.378136,-4.228214
51.398438,-3.286504
51.418674,-2.478681
51.438133,-1.839514
51.458435,-1.412092
51.478668,-1.193411
51.499474,-1.173059
51.518463,-1.332838
51.538677,-1.643397
51.559696,-2.100257
51.57999,-2.587325
51.600269,-3.10181
51.619473,-3.595504
51.640022,-4.055285
51.660583,-4.447407
51.679466,-4.745766
51.699978,-4.957902
51.720222,-5.076157
51.740582,-5.097414
51.759468,-5.026697
51.779972,-4.900433
51.802086,-4.699758
51.82246,-4.48422
51.842712,-4.255085
51.861736,-4.019982
51.882477,-3.813682
51.902718,-3.63134
51.921711,-3.480665
51.943474,-3.366317
51.962528,-3.319787
51.981491,-3.297857
52.004002,1.677075
52.024338,1.502555
52.041718,1.018623
52.063992,0.097418
52.084278,-0.942514
52.104599,-2.074028
52.123512,-3.195425
52.144005,-4.2464
52.164272,-5.157842
52.184608,-5.882649
52.204868,-6.396667
52.223995,-6.678035
52.245716,-6.750304
52.266075,-6.625858
52.286434,-6.346649
52.306686,-5.946031
52.325993,-5.458862
52.346077,-4.941887
52.366512,-4.425127
52.386681,-3.938663
52.4058,-3.501031
52.426514,-3.161747
52.446682,-2.912727
52.465687,-2.754259
52.487503,-2.702639
52.507942,-2.753114
52.528183,-2.87698
52.548557,-3.060185
52.567505,-3.277279
52.587955,-3.520641
52.608208,-3.76829
52.628422,-4.001718
52.648674,-4.20771
52.667824,-4.371964
52.687943,-4.499915
52.709763,-4.586471
52.730061,-4.619272
52.750416,-4.612129
52.770668,-4.567549
52.789745,-4.490629
52.81028,-4.398939
52.830425,-4.294275
52.850674,-4.186359
52.869656,-4.078336
52.891552,-3.975434
52.910675,-3.909904
52.92971,-3.846182
52.951447,-3.80208
52.971718,-3.785399
52.991959,-3.787907
53.012192,-3.807054
53.0327,-3.839688
53.052082,-3.877569
53.072559,-3.92643
53.091541,-3.973227
53.111988,-4.021313
53.133797,-4.069155
53.154156,-4.10451
53.171677,-4.129025
53.19352,-4.150988
53.214039,-4.159907
53.234509,-4.163074
53.255005,-4.155561
53.273621,-4.138716
53.295498,-4.116829
53.314514,-4.09888
53.334698,-4.076038
53.353798,-4.050022
53.373825,-4.029001
53.395542,-4.007992
53.415974,-3.991428
53.43644,-3.981859
53.455475,-3.971811
53.476009,-3.96858
53.495998,-3.969433
53.516426,-3.97256
53.535461,-3.975819
53.556248,-3.984208
53.577705,-3.992512
53.596546,-13.000553
53.615536,-4.00643
53.635971,-4.011099
53.65773,-4.015051
53.678452,-4.018587
53.6987,-4.016047
53.717976,-4.014532
53.738464,-4.009207
53.758682,-4.004581
53.77869,-3.997344
53.797886,-3.988518
53.81955,-3.979355
53.840088,-3.972079
53.860188,-3.964075
53.877678,-3.955439
53.899483,-3.947863
53.920261,-3.94253
53.940266,-3.937456
53.960678,-3.931993
53.979504,-3.928841
53.999992,-3.926334
54.021599,-21.610529
54.040779,-20.271116
54.059479,-17.810299
54.081844,-14.297326
54.101723,-10.72487
54.122501,-7.095384
54.142681,-3.650005
54.161671,-0.612885
54.181694,1.887091
54.202496,3.750038
54.222683,4.888269
54.241684,5.2914
54.26199,5.063475
54.283993,4.134824
54.304226,2.842058
54.324451,1.258862
54.343529,-0.508984
54.36433,-2.246356
54.384193,-3.906654
54.404556,-5.3553
54.423634,-6.56969
54.443993,-7.442915
54.465618,-8.029741
54.4846,-8.194286
54.503468,-8.128077
54.52401,-7.768618
54.545673,-7.141301
54.565968,-6.40279
54.586422,-5.574481
54.606701,-4.71992
54.625847,-3.907687
54.646233,-3.154774
54.666424,-2.5195
54.686668,-2.027415
54.705666,-1.710196
54.725937,-1.53777
54.747501,-1.535817
54.767929,-1.663159
54.788181,-1.901902
54.808598,-2.220264
54.827526,-2.608447
54.84816,-2.991596
54.868404,-3.371935
54.888657,-3.72008
54.907494,-4.034637
54.929722,-4.284151
54.949936,-4.432467
54.967476,-4.508592
54.98793,-4.512409
55.009579,13.550481
55.02993,12.852957
55.050411,10.921878
55.07066,8.108969
55.089687,4.744522
55.109932,1.152583
55.130428,-2.379812
55.150665,-5.603804
55.169724,-8.313219
55.19178,-10.596292
55.211952,-11.973616
55.232174,-12.692595
55.252457,-12.773767
55.271751,-12.247408
55.291695,-11.245077
55.311691,-9.87569
55.331947,-8.288374
55.352165,-6.589405
55.372547,-4.901822
55.391453,-3.295872
55.41193,-1.932636
55.433975,-0.730692
55.454224,0.026669
55.474419,0.452606
55.494671,0.55867
55.513683,0.387878
55.534111,-0.054167
55.554428,-0.6952
55.574406,-1.465873
55.594654,-2.296547
55.613575,-3.11884
55.635406,-3.968546
55.65593,-4.641138
55.675968,-5.177464
55.696209,-5.564807
55.716534,-5.795408
55.735519,-5.856104
55.755997,-5.79553
55.775997,-5.614378
55.79641,-5.347613
55.815437,-5.002029
55.835938,-4.640118
55.857662,-4.222074
55.877941,-3.869698
55.895496,-3.557044
55.91597,-3.31617
55.938671,-3.10505
55.958763,-2.984801
55.978672,-2.933843
55.997986,-2.946017
56.018417,-2.027994
56.037708,-2.215343
56.059464,-2.528715
56.079979,-2.878641
56.098682,-3.250536
56.119362,-3.609251
56.13998,-3.947371
56.160275,-4.236713
56.180256,-4.462819
56.199451,-4.61361
56.220013,-4.703341
56.240227,-4.722012
56.261696,-4.668743
56.281704,-4.571613
56.301708,-4.439571
56.319489,-4.298435
56.34,-4.136591
56.361683,-3.95705
56.381958,-3.80818
56.402725,-3.685162
56.422962,-3.587167
56.441685,-3.513855
56.462112,-3.480361
56.482506,-3.478851
56.503487,-3.505737
56.5215,-3.550972
56.544006,-3.627849
56.564209,-3.707882
56.581642,-3.797542
56.603527,-3.880944
56.623993,-3.96376
56.644444,-4.036037
56.663986,-4.095501
56.684589,-4.143449
56.705463,-4.174223
56.724602,-4.192335
56.743374,-4.19335
56.764,-4.185944
56.786018,-4.167366
56.806137,-4.143902
56.826435,-4.116297
56.845505,-4.085978
56.865971,-4.058225
56.885536,-4.033525
56.905994,-4.01507
56.925598,-3.999069
56.947502,-3.98953
56.966438,-3.989557
56.98579,-3.991688
57.007523,-4.999082
57.025665,-4.972069
57.047611,-4.867131
57.068069,-4.71954
57.08746,-4.540466
57.108459,-4.35112
57.127495,-4.163032
57.148453,-3.989277
57.167488,-3.840832
57.188457,-3.723585
57.207481,-3.642693
57.229988,-3.594931
57.247456,-3.587182
57.269974,-3.609739
57.290466,-3.658688
57.309982,-3.7262
57.330463,-3.80649
57.35001,-3.89254
57.370476,-3.978432
57.391483,-4.064394
57.410439,-4.124414
57.431435,-4.181912
57.450691,-4.211868
57.469677,-4.230662
57.492004,-4.230453
57.512234,-4.217192
57.532608,-4.18821
57.551746,-4.151232
57.57196,-4.106518
57.591446,-4.059053
57.613541,-4.009191
57.63147,-3.96677
57.651684,-3.927042
57.673481,-3.891371
57.691429,-3.868624
57.713711,-3.849943
57.734112,-3.839918
57.753685,-3.840456
57.774158,-3.844831
57.794693,-3.854028
57.814453,-3.867417
57.833527,-3.882565
57.855389,-3.900572
57.874603,-3.912557
57.894699,-3.924765
57.91552,-3.935598
57.933533,-12.94157
57.956032,-3.942284
57.976471,-3.942353
57.996033,-3.936211
58.016464,-4.918831
58.036114,-4.833997
58.056236,-4.685603
58.076569,-4.49451
58.095486,-4.27877
58.116047,-4.060024
58.138012,-3.830929
58.155544,-3.667609
58.177547,-3.504158
58.198456,-3.392082
58.218712,-3.326727
58.238026,-3.301632
58.258472,-3.311006
58.278709,-3.3543
58.297504,-3.42561
58.318466,-3.509014
58.339447,-3.618637
58.360008,-3.715781
58.378696,-3.799534
58.397747,-3.886013
58.419495,-3.961523
58.440247,-4.011875
58.459473,-4.041107
58.48027,-4.052603
58.499428,-4.046597
58.5215,-4.02181
58.539574,-3.990395
58.561611,-3.941924
58.579453,-3.898243
58.6017,-3.843326
58.619511,-3.798397
58.641685,-3.749929
58.662445,-3.713516
58.681702,-3.685555
58.702007,-3.666106
58.722527,-3.657127
58.742752,-3.654903
58.7617,-3.662174
58.783466,-3.678108
58.801464,-3.693569
58.824036,-3.71477
58.841827,-3.73617
58.863434,-3.758192
58.884041,-3.777374
58.904282,-3.792384
58.924511,-3.8057
58.94405,-3.813173
58.964527,-3.817927
58.984055,-3.817741
59.00573,-5.811731
59.026108,-5.730074
59.043514,-5.532497
59.06599,-5.174841
59.085529,-4.781549
59.105995,-4.360851
59.125542,-3.94796
59.146759,-3.563766
59.165989,-3.240549
59.18647,-2.984592
59.20607,-2.812097
59.227539,-2.715593
59.24654,-2.706018
59.266792,-2.752167
59.285637,-2.867763
59.306007,-3.017395
59.328098,-3.218701
59.347534,-3.417679
59.368469,-3.608265
59.387993,-3.790519
59.40752,-3.945743
59.428005,-4.066335
59.448242,-4.160897
59.468475,-4.202848
59.487553,-4.217324
59.510006,-4.191854
59.527554,-4.148524
59.549713,-4.06948
59.570583,-3.981607
59.590263,-3.889721
59.610691,-3.795402
59.630875,-3.70993
59.649757,-3.635054
59.671593,-3.56868
59.691795,-3.526036
59.709599,-3.503807
59.732018,-3.493973
59.751549,-3.502842
59.772015,-3.524965
59.79155,-3.557104
59.811733,-3.596157
59.832504,-3.637365
59.85202,-3.684237
59.872017,-3.724386
59.89225,-3.761091
59.911495,-3.791855
59.932022,-3.813566
59.954002,-3.829201
59.974243,-3.83413
59.993801,-3.833326
60.014492,-13.797713
60.034134,-13.192706
60.054535,-11.961662
60.073513,-10.290678
60.094555,-8.348938
60.114792,-6.30125
60.133995,-4.305875
60.154606,-2.47977
60.173618,-0.941609
60.196014,0.362261
60.215683,1.122648
60.236259,1.488691
60.255661,1.449149
60.276241,1.094161
60.296619,0.466486
60.31567,-0.379999
60.336262,-1.314646
60.356606,-2.294086
60.377522,-3.365675
60.395496,-4.149954
60.418045,-4.955088
60.436062,-5.472219
60.457569,-5.906037
60.478588,-6.084098
60.498116,-6.095574
60.518631,-5.940001
60.538746,-5.659052
60.559475,-5.247391
60.578754,-4.837701
60.597809,-4.374141
60.619576,-3.863706
60.638744,-3.468575
60.659595,-3.069453
60.680252,-2.777138
60.699459,-2.58193
60.720493,-2.462039
60.739491,-2.444147
60.760067,-2.493209
60.780338,-2.610424
60.799442,-2.78711
60.820229,-2.984072
60.840698,-3.199725
60.861618,-3.449934
60.879501,-3.634583
60.902042,-3.826912
60.921535,-3.969966
60.942566,-4.065162
60.962765,-4.124544
60.981773,-4.145603
61.002178,-3.123135
61.022552,-3.093451
61.042042,-3.112094
61.062801,-3.167356
61.081799,-3.254468
61.104065,-3.363719
61.123539,-3.471649
61.144512,-3.572103
61.164211,-3.665678
61.184639,-3.742855
61.203754,-3.804823
61.224094,-3.840338
61.243603,-3.856402
61.264511,-3.854558
61.285553,-3.831515
61.30352,-3.800395
61.326027,-3.750053
61.345539,-3.700061
61.366028,-3.647239
61.385502,-3.598128
61.406536,-3.551627
61.42408,-3.514199
61.446018,-3.48862
61.465538,-3.471208
61.486507,-3.464608
61.507549,-3.467238
61.525517,-3.476805
61.548016,-3.493482
61.56826,-3.517691
61.586018,-3.540165
61.608017,-3.569193
61.627537,-3.593385
61.648491,-3.614566
61.668007,-3.636458
61.687508,-3.650465
61.708496,-3.661529
61.729538,-3.668975
61.747726,-3.670838
61.769783,-3.668025